snapshot_id,altitude,heading,latitude,longitude,radar_id,speed,squawk
1614327039,0,89,33.94159,-118.40009,3393,0,0000
1614327106,0,95,33.94160,-118.40029,3393,4,1065
1614327115,0,106,33.94160,-118.40051,3021,4,1065
1614327126,0,135,33.94162,-118.40072,3021,3,1065
1614327188,0,171,33.94130,-118.40099,3021,1,1065
1614327194,0,171,33.94157,-118.40092,3021,4,1065
1614327236,0,171,33.94130,-118.40099,3021,1,1065
1614327242,0,171,33.94165,-118.40087,3021,1,1065
1614327321,0,171,33.94140,-118.40096,3021,1,1065
1614327326,0,171,33.94167,-118.40087,3021,1,1065
1614327420,0,171,33.94146,-118.40085,3021,3,1065
1614327432,0,174,33.94124,-118.40082,3021,4,1065
1614327442,0,174,33.94103,-118.40078,3021,5,1065
1614327450,0,174,33.94081,-118.40074,3021,6,1065
1614327457,0,174,33.94059,-118.40072,3393,7,1065
1614327468,0,171,33.94015,-118.40065,3021,9,1065
1614327474,0,171,33.93993,-118.40063,3021,11,1065
1614327481,0,171,33.93955,-118.40056,3021,13,1065
1614327486,0,171,33.93925,-118.40051,3021,11,1065
1614327490,0,163,33.93904,-118.40043,3021,12,1065
1614327496,0,126,33.93882,-118.40013,3021,13,1065
1614327501,0,98,33.93881,-118.39986,3393,12,1065
1614327505,0,84,33.93883,-118.39960,3021,12,1065
1614327508,0,84,33.93885,-118.39938,3021,13,1065
1614327512,0,81,33.93888,-118.39907,3021,13,1065
1614327517,0,81,33.93892,-118.39876,3021,14,1065
1614327520,0,84,33.93895,-118.39847,3021,14,1065
1614327524,0,84,33.93898,-118.39816,3021,14,1065
1614327528,0,81,33.93900,-118.39792,3393,14,1065
1614327534,0,84,33.93905,-118.39740,3393,15,1065
1614327540,0,81,33.93910,-118.39691,3393,15,1065
1614327546,0,81,33.93915,-118.39647,3021,15,1065
1614327552,0,81,33.93922,-118.39585,3393,16,1065
1614327558,0,81,33.93927,-118.39526,3021,15,1065
1614327572,0,84,33.93940,-118.39405,3021,16,1065
1614327581,0,84,33.93949,-118.39320,3021,17,1065
1614327589,0,84,33.93956,-118.39246,3393,16,1065
1614327597,0,81,33.93964,-118.39177,3393,15,1065
1614327603,0,84,33.93969,-118.39123,3393,15,1065
1614327609,0,81,33.93975,-118.39069,3393,15,1065
1614327617,0,84,33.93980,-118.39011,3021,15,1065
1614327622,0,84,33.93986,-118.38959,3021,16,1065
1614327630,0,81,33.93993,-118.38889,3393,17,1065
1614327638,0,84,33.94001,-118.38817,3021,17,1065
1614327644,0,81,33.94007,-118.38754,3021,17,1065
1614327650,0,84,33.94013,-118.38693,3021,18,1065
1614327659,0,81,33.94022,-118.38604,3021,16,1065
1614327665,0,84,33.94028,-118.38549,3021,15,1065
1614327672,0,84,33.94034,-118.38496,3021,12,1065
1614327678,0,81,33.94037,-118.38462,3021,10,1065
1614327684,0,84,33.94041,-118.38427,3021,9,1065
1614327690,0,84,33.94043,-118.38397,3021,9,1065
1614327695,0,84,33.94046,-118.38371,3021,8,1065
1614327702,0,90,33.94047,-118.38349,3021,6,1065
1614327708,0,81,33.94050,-118.38325,3021,7,1065
1614327714,0,81,33.94052,-118.38298,3021,8,1065
1614327719,0,81,33.94056,-118.38273,3393,9,1065
1614327723,0,81,33.94058,-118.38252,3393,10,1065
1614327726,0,81,33.94061,-118.38228,3393,11,1065
1614327733,0,84,33.94065,-118.38184,3393,13,1065
1614327740,0,84,33.94070,-118.38128,3393,15,1065
1614327746,0,81,33.94075,-118.38082,3393,15,1065
1614327752,0,84,33.94080,-118.38049,3393,7,1065
1614327757,0,101,33.94075,-118.38028,3021,8,1065
1614327764,0,137,33.94056,-118.38007,3393,9,1065
1614327768,0,160,33.94035,-118.38001,3021,9,1065
1614327773,0,171,33.94013,-118.37996,3393,10,1065
1614327779,0,210,33.93992,-118.38012,3393,9,1065
1614327784,0,241,33.93985,-118.38033,3021,8,1065
1614327790,0,258,33.93984,-118.38055,3021,8,1065
1614327795,0,258,33.93980,-118.38077,3021,8,1065
1614327800,0,261,33.93977,-118.38100,3021,9,1065
1614327804,0,261,33.93973,-118.38130,3021,15,1065
1614327806,0,261,33.93971,-118.38155,3021,25,1065
1614327811,0,261,33.93957,-118.38287,3021,50,1065
1614327814,0,264,33.93944,-118.38403,3021,69,1065
1614327815,0,264,33.93941,-118.38439,3021,74,1065
1614327817,0,264,33.93933,-118.38521,3393,78,1065
1614327828,50,262,33.93874,-118.39125,3021,119,1065
1614327841,50,262,33.93764,-118.40196,3393,162,1065
1614327847,200,263,33.93700,-118.40818,3393,175,1065
1614327854,375,263,33.93639,-118.41465,40453,179,1065
1614327861,600,263,33.93581,-118.42062,40453,182,1065
1614327867,925,263,33.93507,-118.42813,3021,183,1065
1614327872,1150,263,33.93463,-118.43285,40453,182,1065
1614327879,1450,262,33.93402,-118.43903,40453,180,1065
1614327885,1650,257,33.93314,-118.44441,40453,182,1065
1614327887,1725,253,33.93242,-118.44747,40453,185,1065
1614327888,1750,251,33.93210,-118.44854,2120,187,1065
1614327890,1800,248,33.93146,-118.45041,2163,189,1065
1614327893,1825,241,33.93011,-118.45361,3393,197,1065
1614327894,1850,241,33.92988,-118.45407,40453,197,1065
1614327897,1875,236,33.92834,-118.45694,40453,203,1065
1614327900,1925,231,33.92652,-118.45974,40453,208,1065
1614327902,1975,228,33.92490,-118.46203,40453,214,1065
1614327903,2000,227,33.92424,-118.46289,1746,215,1065
1614327904,2000,227,33.92390,-118.46333,309,215,1065
1614327906,2050,226,33.92285,-118.46468,40453,217,1065
1614327907,2100,226,33.92168,-118.46615,3021,218,1065
1614327909,2175,225,33.92061,-118.46747,40453,220,1065
1614327910,2225,225,33.91951,-118.46877,309,221,1065
1614327912,2300,225,33.91819,-118.47038,40453,222,1065
1614327913,2325,224,33.91740,-118.47135,3021,223,1065
1614327916,2500,223,33.91456,-118.47467,2685,226,1065
1614327921,2650,223,33.91164,-118.47797,40453,228,1065
1614327922,2700,223,33.91037,-118.47937,3021,229,1065
1614327923,2750,222,33.90926,-118.48062,40453,232,1065
1614327925,2800,222,33.90791,-118.48212,3021,233,1065
1614327927,2850,222,33.90665,-118.48346,40453,236,1065
1614327928,2900,221,33.90541,-118.48475,3021,237,1065
1614327930,2950,221,33.90418,-118.48611,40453,240,1065
1614327931,2975,221,33.90292,-118.48743,3021,244,1065
1614327932,3000,221,33.90241,-118.48801,2818,244,1065
1614327933,3025,221,33.90161,-118.48878,40453,245,1065
1614327936,3075,220,33.89887,-118.49164,40453,252,1065
1614327937,3100,220,33.89743,-118.49310,309,256,1065
1614327938,3125,220,33.89644,-118.49411,40453,257,1065
1614327943,3225,218,33.89263,-118.49779,2120,262,1065
1614327945,3300,216,33.89059,-118.49962,40453,265,1065
1614327948,3425,213,33.88751,-118.50212,40453,267,1065
1614327949,3525,212,33.88564,-118.50352,3021,266,1065
1614327951,3600,211,33.88403,-118.50465,40453,267,1065
1614327952,3675,210,33.88294,-118.50537,2163,266,1065
1614327954,3775,208,33.88097,-118.50661,40453,266,1065
1614327957,3950,204,33.87783,-118.50838,40453,267,1065
1614327958,4025,203,33.87598,-118.50924,2163,267,1065
1614327959,4075,202,33.87483,-118.50980,2818,267,1065
1614327960,4125,199,33.87318,-118.51047,3393,268,1065
1614327961,4150,199,33.87248,-118.51078,2163,268,1065
1614327962,4200,197,33.87080,-118.51141,40453,270,1065
1614327964,4275,196,33.86883,-118.51199,2163,270,1065
1614327965,4300,194,33.86765,-118.51238,309,271,1065
1614327966,4350,193,33.86652,-118.51266,40453,271,1065
1614327967,4375,192,33.86540,-118.51289,2120,272,1065
1614327968,4400,190,33.86426,-118.51311,3021,273,1065
1614327969,4450,187,33.86224,-118.51344,3393,274,1065
1614327972,4525,185,33.85921,-118.51376,40453,276,1065
1614327973,4550,183,33.85739,-118.51389,2120,276,1065
1614327974,4575,182,33.85549,-118.51404,2818,277,1065
1614327977,4625,181,33.85263,-118.51411,3021,278,1065
1614327978,4650,181,33.85135,-118.51417,40453,279,1065
1614327979,4675,181,33.84915,-118.51428,2163,280,1065
1614327980,4700,181,33.84799,-118.51427,40453,280,1065
1614327982,4725,181,33.84576,-118.51433,2163,280,1065
1614327986,4775,180,33.84082,-118.51446,3021,281,1065
1614327987,4775,180,33.84017,-118.51444,40453,280,1065
1614327988,4800,180,33.83836,-118.51444,3393,280,1065
1614327989,4800,180,33.83707,-118.51451,2163,280,1065
1614327990,4800,180,33.83579,-118.51451,309,279,1065
1614327991,4825,180,33.83463,-118.51450,3393,279,1065
1614327992,4825,180,33.83333,-118.51456,2163,279,1065
1614327993,4825,180,33.83193,-118.51456,40453,278,1065
1614327999,4900,180,33.82434,-118.51468,40453,275,1065
1614328005,5025,181,33.81657,-118.51485,40453,276,1065
1614328016,5475,182,33.80145,-118.51540,40453,278,1065
1614328028,6050,182,33.78706,-118.51616,2120,280,1065
1614328039,6600,182,33.77137,-118.51701,2120,287,1065
1614328051,7025,182,33.75577,-118.51770,2685,296,1065
1614328062,7475,182,33.74102,-118.51839,3021,303,1065
1614328074,8025,170,33.72368,-118.51765,3021,305,1065
1614328076,8100,168,33.72160,-118.51714,2685,304,1065
1614328077,8175,167,33.71970,-118.51656,1617,304,1065
1614328078,8250,164,33.71755,-118.51580,2685,303,1065
1614328079,8275,164,33.71713,-118.51564,309,303,1065
1614328080,8350,160,33.71527,-118.51490,40453,302,1065
1614328082,8400,159,33.71347,-118.51401,2163,302,1065
1614328083,8450,158,33.71246,-118.51350,2818,301,1065
1614328085,8575,153,33.70903,-118.51154,309,300,1065
1614328086,8600,153,33.70843,-118.51118,2818,300,1065
1614328087,8700,150,33.70628,-118.50969,2163,299,1065
1614328088,8725,150,33.70568,-118.50923,309,299,1065
1614328089,8750,148,33.70509,-118.50879,2120,298,1065
1614328092,8925,143,33.70093,-118.50526,3021,297,1065
1614328094,9000,141,33.69921,-118.50357,2685,297,1065
1614328095,9050,140,33.69827,-118.50262,2120,298,1065
1614328097,9175,135,33.69521,-118.49904,2120,296,1065
1614328100,9275,132,33.69330,-118.49648,2685,296,1065
1614328103,9400,128,33.69058,-118.49237,2163,297,1065
1614328106,9550,121,33.68823,-118.48795,2685,295,1065
1614328107,9575,121,33.68779,-118.48710,2120,295,1065
1614328109,9725,117,33.68605,-118.48306,2120,292,1065
1614328110,9775,115,33.68552,-118.48160,3393,292,1065
1614328112,9875,112,33.68459,-118.47891,2685,291,1065
1614328114,9950,110,33.68404,-118.47712,3021,290,1065
1614328116,10075,109,33.68301,-118.47365,2120,289,1065
1614328117,10125,109,33.68254,-118.47199,3393,289,1065
1614328119,10275,108,33.68152,-118.46832,3021,289,1065
1614328120,10275,108,33.68129,-118.46757,3393,289,1065
1614328123,10425,108,33.68013,-118.46345,3021,289,1065
1614328125,10500,108,33.67923,-118.46025,2685,290,1065
1614328128,10625,109,33.67786,-118.45549,2685,293,1065
1614328129,10650,109,33.67742,-118.45407,3021,294,1065
1614328134,10800,108,33.67491,-118.44532,2541,301,1065
1614328135,10800,108,33.67470,-118.44450,3021,301,1065
1614328146,11150,109,33.66925,-118.42545,2163,312,1065
1614328158,11575,109,33.66371,-118.40639,40453,319,1065
1614328170,11900,109,33.65750,-118.38576,40453,332,1065
1614328182,12175,108,33.65182,-118.36607,3393,342,1065
1614328195,12500,99,33.64687,-118.34091,2120,352,1065
1614328196,12525,98,33.64656,-118.33843,3021,353,1065
1614328198,12575,98,33.64624,-118.33574,40453,353,1065
1614328199,12625,97,33.64591,-118.33243,2163,354,1065
1614328200,12675,96,33.64572,-118.33048,40453,354,1065
1614328201,12700,96,33.64558,-118.32910,2120,354,1065
1614328202,12725,95,33.64545,-118.32735,3021,354,1065
1614328203,12775,94,33.64521,-118.32401,40453,355,1065
1614328204,12800,94,33.64517,-118.32281,2120,355,1065
1614328205,12825,94,33.64504,-118.32085,3021,356,1065
1614328207,12875,93,33.64490,-118.31765,40453,356,1065
1614328238,13675,89,33.64417,-118.25359,2541,381,1065
1614328269,14950,89,33.64456,-118.18588,1617,390,1065
1614328301,16250,89,33.64484,-118.11739,42084,397,1065
1614328332,17450,90,33.64485,-118.04776,3393,403,1065
1614328363,18375,90,33.64467,-117.97595,309,419,1065
1614328425,19850,90,33.64428,-117.82797,309,451,1065
1614328486,21425,90,33.64366,-117.67069,2685,475,1065
1614328547,23250,90,33.64279,-117.50633,2163,488,1065
1614328609,24725,90,33.64167,-117.33748,41634,505,1065
1614328669,26200,90,33.64028,-117.16587,40453,517,1065
1614328732,27600,90,33.63860,-116.98614,309,526,1065
1614328793,29625,90,33.63670,-116.80984,309,517,1065
1614328856,31500,90,33.63441,-116.62828,40453,511,1065
1614328919,33225,91,33.63194,-116.45194,40453,506,1065
1614328981,34775,91,33.62934,-116.28084,40679,500,1065
1614329042,36100,91,33.62659,-116.11250,42084,497,1065
1614329103,37075,91,33.62370,-115.94500,42084,495,1065
1614329164,37050,91,33.62054,-115.77801,42495,492,1065
1614329226,37050,91,33.61705,-115.60982,42495,492,1065
1614329287,37050,91,33.61342,-115.44371,40453,491,1065
1614329348,37050,91,33.60956,-115.27820,40679,493,1065
1614329410,37050,91,33.60536,-115.10811,40679,493,1065
1614329473,37050,91,33.60090,-114.93736,2246,494,1065
1614329536,37050,91,33.59615,-114.76408,40679,495,1065
1614329599,37050,97,33.58167,-114.59146,41634,496,1065
1614329664,37050,96,33.56442,-114.41476,41634,496,1065
1614329725,37050,96,33.54927,-114.24761,4091,495,1065
1614329787,37050,96,33.53409,-114.08012,2541,493,1065
1614329848,37050,96,33.51859,-113.91410,4091,493,1065
1614329909,37050,96,33.50267,-113.74739,1571,492,1065
1614329973,37050,96,33.48628,-113.57848,1693,492,1065
1614330034,37050,96,33.46989,-113.41236,1693,492,1065
1614330061,37050,106,33.45657,-113.34068,1571,490,1065
1614330063,37050,107,33.45519,-113.33552,42495,489,1065
1614330064,37050,107,33.45449,-113.33295,4091,489,1065
1614330065,37050,107,33.45421,-113.33193,1693,489,1065
1614330066,37050,108,33.45273,-113.32677,1571,489,1065
1614330068,37050,109,33.45195,-113.32425,1693,489,1065
1614330069,37050,110,33.45076,-113.32046,42495,489,1065
1614330072,37050,110,33.44833,-113.31288,42495,489,1065
1614330073,37050,111,33.44742,-113.31014,1571,489,1065
1614330076,37050,111,33.44490,-113.30262,1571,488,1065
1614330137,37050,115,33.38685,-113.15195,1571,487,1065
1614330202,37050,107,33.33073,-112.99142,1693,491,1065
1614330264,37050,103,33.29723,-112.82816,1571,492,1065
1614330328,37050,103,33.26358,-112.65837,4091,493,1065
1614330390,37050,103,33.23183,-112.49558,1834,493,1065
1614330453,37050,103,33.19881,-112.32719,1693,492,1065
1614330514,37050,103,33.16694,-112.16559,1571,493,1065
1614330576,37050,103,33.13435,-112.00220,42495,491,1065
1614330638,37050,103,33.10208,-111.84148,42569,489,1065
1614330701,37050,103,33.06792,-111.67608,2961,488,1065
1614330762,37050,104,33.03440,-111.51566,1693,486,1065
1614330825,37050,104,33.00042,-111.35350,1834,484,1065
1614330886,37050,104,32.96741,-111.19707,40823,481,1065
1614330952,37050,104,32.93147,-111.02811,1693,480,1065
1614331014,37050,104,32.89792,-110.87144,41005,481,1065
1614331077,37050,104,32.86276,-110.70822,4091,482,1065
1614331138,37050,104,32.82857,-110.55064,1571,485,1065
1614331200,37050,104,32.79372,-110.39124,41769,488,1065
1614331262,37050,104,32.75853,-110.23122,40823,492,1065
1614331323,37050,104,32.72292,-110.07032,1571,495,1065
1614331389,37050,104,32.68424,-109.89679,1693,499,1065
1614331452,37050,104,32.64648,-109.72836,41005,502,1065
1614331516,37050,104,32.60847,-109.56016,1693,504,1065
1614331578,37050,105,32.57048,-109.39334,1571,505,1065
1614331641,37050,105,32.53187,-109.22467,40823,506,1065
1614331702,37050,105,32.49445,-109.06221,1693,507,1065
1614331763,37050,105,32.45631,-108.89791,1693,511,1065
1614331824,37050,105,32.41800,-108.73389,1693,514,1065
1614331887,37050,105,32.37753,-108.56162,40823,514,1065
1614331949,37050,105,32.33757,-108.39281,40804,516,1065
1614332013,37050,105,32.29692,-108.22212,40804,517,1065
1614332074,37050,105,32.25726,-108.05648,42569,515,1065
1614332135,37050,105,32.21769,-107.89258,1651,515,1065
1614332197,37050,106,32.17630,-107.72215,40804,513,1065
1614332259,37050,106,32.13606,-107.55730,40036,512,1065
1614332320,37050,106,32.09591,-107.39399,1651,512,1065
1614332382,37050,106,32.05499,-107.22852,40804,511,1065
1614332445,37050,106,32.01314,-107.06026,42117,512,1065
1614332507,37050,106,31.97170,-106.89507,40036,511,1065
1614332574,37050,106,31.92659,-106.71592,40804,513,1065
1614332636,37050,106,31.88443,-106.54970,42117,511,1065
1614332697,37050,106,31.84331,-106.38852,1651,511,1065
1614332758,37050,106,31.80313,-106.22505,42117,512,1065
1614332819,37050,106,31.76216,-106.06427,42117,511,1065
1614332883,37050,106,31.71945,-105.89426,40099,510,1065
1614332944,37050,106,31.67940,-105.73366,40036,512,1065
1614333006,37050,106,31.63723,-105.56548,1651,517,1065
1614333072,37050,106,31.59279,-105.38959,41594,519,1065
1614333133,37050,106,31.55063,-105.22409,42454,522,1065
1614333194,37050,106,31.50815,-105.05849,1651,524,1065
1614333254,37050,106,31.46573,-104.89422,42575,523,1065
1614333317,37050,106,31.42126,-104.72292,42575,523,1065
1614333379,37050,106,31.37796,-104.55705,42575,523,1065
1614333440,37050,107,31.33436,-104.39116,3972,525,1065
1614333504,37050,107,31.28847,-104.21760,3972,525,1065
1614333566,37050,107,31.24406,-104.05060,40099,526,1065
1614333627,37050,107,31.20021,-103.88650,1280,529,1065
1614333689,37050,107,31.15457,-103.71675,1280,529,1065
1614333751,37050,107,31.10930,-103.54926,40286,529,1065
1614333812,37050,107,31.06352,-103.38103,40286,529,1065
1614333875,37050,107,31.01692,-103.21074,1280,530,1065
1614333937,37050,107,30.97046,-103.04185,1280,531,1065
1614333997,37050,106,30.92606,-102.87646,3972,535,1065
1614334059,37050,106,30.88308,-102.70756,3972,536,1065
1614334120,37050,106,30.83922,-102.53809,3972,538,1065
1614334181,37025,102,30.79612,-102.36945,40286,546,1065
1614334194,37050,96,30.79129,-102.32989,40286,555,1065
1614334197,37050,95,30.79065,-102.32246,3972,554,1065
1614334198,37050,95,30.79038,-102.31950,40286,555,1065
1614334199,37050,95,30.78992,-102.31384,3972,555,1065
1614334201,37050,95,30.78960,-102.30941,1280,556,1065
1614334203,37050,94,30.78905,-102.30199,40286,555,1065
1614334204,37050,94,30.78891,-102.30019,1280,555,1065
1614334266,37050,95,30.77600,-102.11743,1280,557,1065
1614334327,37050,96,30.75958,-101.93395,3972,559,1065
1614334388,37050,96,30.74144,-101.75252,40286,561,1065
1614334449,37050,97,30.72234,-101.57047,1878,563,1065
1614334510,37050,97,30.70269,-101.38585,40286,566,1065
1614334573,37050,96,30.68262,-101.19658,1280,566,1065
1614334637,37050,96,30.66248,-101.00259,41637,566,1065
1614334699,37050,96,30.64292,-100.81621,1878,567,1065
1614334760,37050,97,30.62334,-100.63288,1760,567,1065
1614334824,37050,97,30.60265,-100.44191,3372,566,1065
1614334884,37050,97,30.58240,-100.25761,41637,567,1065
1614334946,37050,97,30.56182,-100.07353,3372,565,1065
1614335008,37050,97,30.54097,-99.88912,41637,564,1065
1614335069,37050,97,30.51988,-99.70428,41637,561,1065
1614335130,37050,97,30.49896,-99.52353,3372,560,1065
1614335191,37050,97,30.47795,-99.34360,41637,558,1065
1614335252,37050,97,30.45634,-99.16190,1878,557,1065
1614335313,37050,97,30.43497,-98.98407,1878,555,1065
1614335373,37050,98,30.41337,-98.80653,41350,553,1065
1614335435,37050,98,30.39107,-98.62502,3721,552,1065
1614335496,37050,98,30.36923,-98.44935,3372,550,1065
1614335557,37050,98,30.34661,-98.27007,2494,548,1065
1614335619,37050,98,30.32390,-98.09033,3721,547,1065
1614335680,37050,98,30.30148,-97.91560,3721,547,1065
1614335741,35675,98,30.27818,-97.73739,41637,551,1065
1614335804,32400,98,30.25374,-97.55170,3406,561,1065
1614335864,28875,98,30.22989,-97.37274,3372,553,1065
1614335928,26250,98,30.20663,-97.19835,41637,518,1065
1614335990,22900,99,30.18375,-97.02942,41637,496,1065
1614336051,19775,97,30.16273,-96.87294,41350,477,1065
1614336112,17950,98,30.14342,-96.72073,3406,471,1065
1614336144,17525,98,30.13367,-96.64226,3406,460,1065
1614336174,17125,97,30.12474,-96.56917,41350,451,1065
1614336206,16550,97,30.11609,-96.49407,41637,445,1065
1614336237,16025,97,30.10831,-96.42216,3721,440,1065
1614336267,15425,96,30.10094,-96.35069,3721,436,1065
1614336299,14800,97,30.09323,-96.27797,41637,433,1065
1614336331,14225,96,30.08550,-96.20601,2777,430,1065
1614336363,13650,96,30.07810,-96.13268,41637,426,1065
1614336394,13075,96,30.07111,-96.06105,3721,424,1065
1614336427,12525,99,30.06207,-95.98776,3406,419,1065
1614336462,11925,97,30.05268,-95.91240,3721,416,1065
1614336472,11775,97,30.05008,-95.88977,41350,415,1065
1614336485,11575,97,30.04668,-95.86000,3406,412,1065
1614336497,11400,97,30.04385,-95.83541,2777,411,1065
1614336510,11100,97,30.04065,-95.80751,3721,402,1065
1614336522,10800,97,30.03758,-95.78096,3721,395,1065
1614336534,10475,97,30.03485,-95.75667,3406,391,1065
1614336545,10200,96,30.03245,-95.73444,1710,386,1065
1614336556,10075,96,30.03035,-95.71257,3721,378,1065
1614336567,10100,95,30.02847,-95.69113,3406,365,1065
1614336578,10100,95,30.02664,-95.66986,1710,352,1065
1614336589,10075,95,30.02499,-95.64951,3721,341,1065
1614336601,10025,94,30.02340,-95.62797,3406,331,1065
1614336613,9800,95,30.02174,-95.60723,1710,327,1065
1614336624,9575,102,30.01874,-95.58852,1710,320,1065
1614336635,9350,103,30.01534,-95.57136,3721,316,1065
1614336646,9125,103,30.01148,-95.55271,1710,314,1065
1614336657,8925,103,30.00774,-95.53436,1710,312,1065
1614336668,8700,103,30.00427,-95.51733,3406,309,1065
1614336679,8425,103,30.00031,-95.49816,1710,306,1065
1614336690,8175,104,29.99668,-95.48152,3406,307,1065
1614336704,7800,104,29.99176,-95.45966,3721,306,1065
1614336716,7500,105,29.98741,-95.44103,3406,306,1065
1614336728,7225,105,29.98281,-95.42186,1311,305,1065
1614336739,6975,105,29.97839,-95.40360,1710,304,1065
1614336750,6725,105,29.97466,-95.38835,3721,304,1065
1614336761,6450,105,29.97010,-95.36935,3406,301,1065
1614336772,6250,104,29.96622,-95.35298,1710,298,1065
1614336783,6075,104,29.96251,-95.33666,1710,295,1065
1614336795,6000,104,29.95851,-95.31876,3406,287,1065
1614336807,6000,103,29.95446,-95.30046,3721,276,1065
1614336819,6000,103,29.95082,-95.28355,3721,271,1065
1614336830,6000,103,29.94752,-95.26789,1311,268,1065
1614336842,6025,103,29.94415,-95.25222,1710,268,1065
1614336853,6025,103,29.94086,-95.23660,3721,265,1065
1614336866,6025,103,29.93718,-95.21928,1710,266,1065
1614336878,6025,103,29.93365,-95.20268,1710,266,1065
1614336889,6000,103,29.93051,-95.18780,1710,265,1065
1614336902,5800,103,29.92662,-95.16945,3721,261,1065
1614336913,5400,103,29.92341,-95.15446,3406,264,1065
1614336924,4950,104,29.92026,-95.13993,3721,266,1065
1614336934,4550,104,29.91721,-95.12639,1311,268,1065
1614336939,4350,104,29.91527,-95.11790,1311,270,1065
1614336947,4200,104,29.91275,-95.10697,3406,272,1065
1614336955,4100,104,29.91023,-95.09625,3406,272,1065
1614336964,4050,104,29.90735,-95.08376,3406,269,1065
1614336971,4025,104,29.90506,-95.07401,3406,267,1065
1614336977,4025,104,29.90316,-95.06577,2853,268,1065
1614336984,4025,104,29.90122,-95.05730,2853,269,1065
1614336990,4025,104,29.89915,-95.04833,2853,269,1065
1614336995,4025,104,29.89741,-95.04072,1311,269,1065
1614337001,4000,98,29.89594,-95.03174,1311,274,1065
1614337004,4000,95,29.89575,-95.02867,3406,276,1065
1614337005,4000,91,29.89571,-95.02582,2853,278,1065
1614337006,4000,89,29.89572,-95.02509,3406,279,1065
1614337008,4025,85,29.89586,-95.02245,1311,280,1065
1614337009,4025,85,29.89590,-95.02181,2853,280,1065
1614337012,4025,80,29.89650,-95.01721,2853,282,1065
1614337014,4025,89,29.89720,-95.01369,3406,279,1065
1614337015,4025,75,29.89769,-95.01183,2853,283,1065
1614337017,4025,69,29.89870,-95.00861,1311,282,1065
1614337018,4025,69,29.89893,-95.00807,2853,282,1065
1614337021,4025,64,29.90062,-95.00391,1311,280,1065
1614337024,4025,59,29.90254,-95.00021,1311,278,1065
1614337026,4025,53,29.90474,-94.99677,1311,276,1065
1614337030,4025,46,29.90739,-94.99329,1311,272,1065
1614337033,4025,41,29.91023,-94.99022,1311,268,1065
1614337034,4025,41,29.91098,-94.98952,2853,268,1065
1614337040,4025,30,29.91701,-94.98499,1311,261,1065
1614337041,4025,28,29.91820,-94.98429,3406,259,1065
1614337043,4025,24,29.92081,-94.98300,2853,257,1065
1614337048,4025,13,29.92666,-94.98098,1311,248,1065
1614337050,4025,12,29.92790,-94.98068,2853,247,1065
1614337051,4025,12,29.92914,-94.98036,3406,247,1065
1614337052,4025,10,29.93123,-94.97993,2853,244,1065
1614337059,4025,5,29.93843,-94.97885,2853,239,1065
1614337061,4025,7,29.94021,-94.97878,3406,241,1065
1614337062,4025,1,29.94141,-94.97880,2853,237,1065
1614337064,4025,355,29.94422,-94.97895,1311,234,1065
1614337065,4025,355,29.94475,-94.97907,2853,234,1065
1614337068,4025,347,29.94850,-94.97988,2853,228,1065
1614337072,4025,340,29.95157,-94.98115,2853,224,1065
1614337074,4025,336,29.95395,-94.98241,2853,222,1065
1614337080,4025,322,29.95837,-94.98582,1311,213,1065
1614337084,4025,313,29.96130,-94.98917,2853,208,1065
1614337085,4025,311,29.96219,-94.99032,3406,207,1065
1614337086,4025,308,29.96278,-94.99119,1857,204,1065
1614337087,4025,307,29.96324,-94.99188,2853,204,1065
1614337088,4025,307,29.96372,-94.99263,3406,204,1065
1614337091,4025,305,29.96562,-94.99560,3406,202,1065
1614337093,4025,304,29.96637,-94.99686,1857,201,1065
1614337096,4025,304,29.96796,-94.99953,3406,201,1065
1614337099,4000,303,29.96965,-95.00244,1857,201,1065
1614337103,4025,302,29.97159,-95.00587,1857,200,1065
1614337104,4025,301,29.97233,-95.00729,1311,198,1065
1614337106,4025,300,29.97299,-95.00858,2853,197,1065
1614337108,4025,298,29.97378,-95.01026,1311,196,1065
1614337109,4025,298,29.97414,-95.01105,3406,195,1065
1614337111,4025,295,29.97487,-95.01273,1311,195,1065
1614337112,4025,294,29.97536,-95.01411,2853,194,1065
1614337113,4025,291,29.97588,-95.01569,3406,191,1065
1614337115,4000,287,29.97642,-95.01774,1857,189,1065
1614337117,4000,291,29.97662,-95.01878,3406,191,1065
1614337119,4000,281,29.97703,-95.02125,1857,186,1065
1614337120,4025,279,29.97713,-95.02223,3406,185,1065
1614337121,4025,275,29.97725,-95.02350,2853,183,1065
1614337123,4025,274,29.97734,-95.02496,3406,183,1065
1614337125,4025,271,29.97736,-95.02690,2853,182,1065
1614337127,4025,270,29.97739,-95.02834,1311,182,1065
1614337128,4025,269,29.97739,-95.03040,2853,182,1065
1614337129,4025,269,29.97739,-95.03077,1857,182,1065
1614337131,4025,269,29.97739,-95.03308,2853,183,1065
1614337132,4025,268,29.97734,-95.03416,1857,183,1065
1614337134,4025,268,29.97734,-95.03459,3406,183,1065
1614337136,4025,268,29.97730,-95.03760,1311,184,1065
1614337138,4000,268,29.97725,-95.03966,1857,185,1065
1614337139,4000,268,29.97722,-95.04020,1311,185,1065
1614337141,4000,269,29.97722,-95.04267,2853,186,1065
1614337142,4000,269,29.97720,-95.04353,1857,186,1065
1614337146,4000,269,29.97720,-95.04757,3406,185,1065
1614337148,4025,270,29.97725,-95.04984,1857,185,1065
1614337155,4000,271,29.97734,-95.05592,1857,185,1065
1614337163,4000,270,29.97752,-95.06427,2853,183,1065
1614337170,3975,269,29.97752,-95.07153,1311,178,1065
1614337176,3925,270,29.97755,-95.07661,3406,175,1065
1614337182,3875,269,29.97752,-95.08204,2853,173,1065
1614337188,3775,270,29.97755,-95.08787,2853,173,1065
1614337195,3675,270,29.97755,-95.09359,2853,174,1065
1614337201,3575,270,29.97755,-95.10018,1311,175,1065
1614337207,3475,270,29.97759,-95.10584,1311,178,1065
1614337216,3325,270,29.97757,-95.11392,1857,178,1065
1614337222,3225,270,29.97759,-95.11990,1857,178,1065
1614337230,3100,270,29.97759,-95.12682,1311,178,1065
1614337239,2950,269,29.97759,-95.13600,3406,177,1065
1614337248,2800,270,29.97759,-95.14418,1311,177,1065
1614337254,2700,270,29.97759,-95.14979,1311,176,1065
1614337262,2575,270,29.97762,-95.15733,3406,176,1065
1614337268,2500,270,29.97764,-95.16215,3406,176,1065
1614337275,2375,270,29.97766,-95.16998,3406,175,1065
1614337281,2275,269,29.97766,-95.17558,3406,174,1065
1614337289,2175,269,29.97764,-95.18192,1311,174,1065
1614337295,2075,269,29.97762,-95.18797,1311,174,1065
1614337304,1950,270,29.97764,-95.19643,1311,170,1065
1614337314,1800,270,29.97764,-95.20499,1311,165,1065
1614337320,1700,270,29.97766,-95.21021,1311,161,1065
1614337326,1625,269,29.97764,-95.21554,1311,159,1065
1614337335,1500,270,29.97762,-95.22254,1857,152,1065
1614337344,1375,269,29.97762,-95.23003,1453,142,1065
1614337355,1250,270,29.97762,-95.23773,1857,136,1065
1614337359,1200,270,29.97764,-95.24031,1857,135,1065
1614337370,1075,269,29.97764,-95.24844,1311,133,1065
1614337376,1000,270,29.97762,-95.25281,1311,134,1065
1614337382,925,270,29.97764,-95.25706,1311,136,1065
1614337387,850,270,29.97764,-95.26130,1453,138,1065
1614337397,725,270,29.97762,-95.26843,1311,138,1065
1614337404,650,269,29.97764,-95.27294,1311,138,1065
1614337410,600,270,29.97764,-95.27778,1311,141,1065
1614337425,400,269,29.97764,-95.28920,1311,142,1065
1614337431,325,270,29.97759,-95.29393,1311,143,1065
1614337527,87,300,29.97879,-95.33014,5798,15,1065
1614337587,87,2,29.98373,-95.33025,5798,20,1065
1614337649,87,355,29.98932,-95.33031,5798,17,1065
1614337770,87,271,29.99089,-95.33860,5798,15,1065
1614337830,87,248,29.99079,-95.34322,5798,11,1065
