snapshot_id,altitude,heading,latitude,longitude,radar_id,speed,squawk
1573001360,0,180,33.81683,-118.14088,3021,0,0000
1573001403,100,198,33.81601,-118.14131,3021,37,0000
1573001432,400,324,33.81857,-118.14922,3021,76,1206
1573001438,400,340,33.82039,-118.15024,3021,80,1206
1573001444,500,353,33.82246,-118.15073,3021,86,1206
1573001466,500,358,33.83267,-118.15101,3021,98,1206
1573001496,600,1,33.84700,-118.15129,2958,105,1206
1573001508,600,359,33.85245,-118.15129,2958,108,1206
1573001539,600,34,33.86778,-118.14809,2958,113,1206
1573001547,600,53,33.87067,-118.14417,2958,118,1206
1573001557,600,58,33.87327,-118.13856,2958,114,1206
1573001565,600,56,33.87574,-118.13409,2958,117,1206
1573001572,600,56,33.87776,-118.13038,2958,119,1206
1573001579,600,56,33.87960,-118.12706,2958,118,1206
1573001596,500,55,33.88509,-118.11751,2958,117,1206
1573001603,600,54,33.88724,-118.11379,2958,117,1206
1573001613,600,54,33.89058,-118.10824,2958,118,1206
1573001621,600,54,33.89301,-118.10417,2958,116,1206
1573001632,600,55,33.89658,-118.09787,2958,117,1206
1573001638,600,55,33.89841,-118.09467,2958,117,1206
1573001644,600,55,33.90032,-118.09147,2958,117,1206
1573001651,600,55,33.90232,-118.08792,2958,120,1206
1573001659,600,66,33.90472,-118.08290,2958,119,1206
1573001668,600,71,33.90628,-118.07728,2958,120,1206
1573001679,600,39,33.90880,-118.07130,2958,100,1206
1573001688,600,325,33.91122,-118.07304,2958,72,1206
1573001698,500,208,33.90916,-118.07550,2958,73,1206
1573001704,600,180,33.90753,-118.07465,2958,77,1206
1573001711,600,71,33.90707,-118.07184,2958,72,1206
1573001720,500,38,33.90930,-118.07064,2958,66,1206
1573001743,500,124,33.90744,-118.07362,2163,66,1206
1573001750,500,56,33.90761,-118.07130,2163,57,1206
1573001757,500,357,33.90893,-118.07076,2163,52,1206
1573001766,500,281,33.91023,-118.07247,2163,53,1206
1573001772,400,227,33.90958,-118.07410,2163,57,1206
1573001778,500,158,33.90805,-118.07419,2163,59,1206
1573001784,500,90,33.90733,-118.07243,2163,60,1206
1573001793,500,1,33.90902,-118.07069,2163,52,1206
1573001799,400,312,33.91014,-118.07161,2163,53,1206
1573001808,500,229,33.90995,-118.07413,2163,53,1206
1573001817,500,140,33.90772,-118.07396,2163,61,1206
1573001825,500,68,33.90733,-118.07102,2163,64,1206
1573001832,500,18,33.90865,-118.06973,2163,61,1206
1573001838,500,328,33.91009,-118.07013,2163,57,1206
1573001847,500,259,33.91079,-118.07282,2163,59,1206
1573001856,500,195,33.90898,-118.07478,2163,64,1206
1573001865,600,96,33.90720,-118.07276,2163,66,1206
1573001875,500,4,33.90893,-118.07076,2163,62,1206
1573001883,500,278,33.91058,-118.07265,2163,57,1206
1573001889,500,229,33.90991,-118.07436,2163,61,1206
1573001895,500,167,33.90818,-118.07471,2163,65,1206
1573001901,500,112,33.90693,-118.07310,2163,69,1206
1573001907,600,58,33.90721,-118.07098,2163,63,1206
1573001916,600,353,33.90935,-118.07018,2163,62,1206
1573001922,500,298,33.91074,-118.07179,2163,63,1206
1573001929,500,257,33.91077,-118.07394,2163,65,1206
1573001937,500,176,33.90852,-118.07534,2163,69,1206
1573001947,500,96,33.90683,-118.07265,2163,73,1206
1573001956,500,11,33.90860,-118.07024,2163,64,1206
1573001965,500,297,33.91051,-118.07179,2163,59,1206
1573001973,500,222,33.90980,-118.07444,2163,60,1206
1573001979,500,153,33.90818,-118.07442,2163,62,1206
1573001985,500,91,33.90753,-118.07252,2163,62,1206
1573001994,500,357,33.90912,-118.07107,2163,50,1206
1573002000,500,296,33.91014,-118.07207,2163,49,1206
1573002006,400,252,33.91013,-118.07355,2163,49,1206
1573002013,500,191,33.90889,-118.07444,2163,53,1206
1573002021,500,106,33.90721,-118.07270,2163,59,1206
1573002027,500,60,33.90756,-118.07091,2163,57,1206
1573002033,500,11,33.90893,-118.07024,2163,54,1206
1573002039,500,312,33.91026,-118.07114,2163,55,1206
1573002047,500,255,33.91051,-118.07379,2163,59,1206
1573002054,500,197,33.90916,-118.07506,2163,60,1206
1573002060,500,147,33.90761,-118.07461,2163,62,1206
1573002066,500,105,33.90679,-118.07275,2163,63,1206
1573002072,500,57,33.90720,-118.07085,2163,59,1206
1573002079,500,11,33.90860,-118.06990,2163,57,1206
1573002085,500,325,33.91023,-118.07053,2163,61,1206
1573002091,500,286,33.91112,-118.07224,2163,62,1206
1573002099,500,224,33.91036,-118.07501,2163,64,1206
1573002108,500,153,33.90772,-118.07516,2163,70,1206
1573002117,500,86,33.90651,-118.07186,2163,73,1206
1573002124,600,41,33.90749,-118.06984,2163,67,1206
1573002130,600,352,33.90916,-118.06940,2163,64,1206
1573002136,600,311,33.91063,-118.07052,2163,64,1206
1573002142,600,279,33.91126,-118.07247,2163,63,1206
1573002150,600,213,33.91013,-118.07511,2163,65,1206
1573002156,600,164,33.90832,-118.07522,2163,68,1206
1573002162,600,117,33.90697,-118.07365,2163,69,1206
1573002168,600,68,33.90707,-118.07144,2163,64,1206
1573002174,500,14,33.90834,-118.07035,2163,56,1206
1573002183,500,300,33.91017,-118.07158,2163,52,1206
1573002190,500,256,33.91026,-118.07332,2163,54,1206
1573002196,500,202,33.90907,-118.07455,2163,57,1206
1573002202,500,147,33.90761,-118.07416,2163,61,1206
1573002213,500,41,33.90761,-118.07069,2163,55,1206
1573002219,500,351,33.90907,-118.07030,2163,55,1206
1573002226,500,320,33.91023,-118.07121,2163,56,1206
1573002234,500,246,33.91032,-118.07396,2163,56,1206
1573002240,500,194,33.90884,-118.07476,2163,64,1206
1573002247,600,133,33.90721,-118.07379,2163,67,1206
1573002253,600,76,33.90693,-118.07156,2163,65,1206
1573002259,600,35,33.90793,-118.07018,2163,61,1206
1573002269,600,310,33.91028,-118.07098,2163,59,1206
1573002276,600,256,33.91058,-118.07360,2163,62,1206
1573002282,600,208,33.90926,-118.07501,2163,63,1206
1573002288,600,148,33.90747,-118.07461,2163,62,1206
1573002294,500,99,33.90665,-118.07282,2163,61,1206
1573002301,500,51,33.90716,-118.07098,2163,56,1206
1573002311,500,338,33.90926,-118.07064,2163,51,1206
1573002318,500,275,33.91042,-118.07265,2163,53,1206
1573002324,500,245,33.90985,-118.07422,2163,55,1206
1573002331,500,158,33.90825,-118.07439,2163,59,1206
1573002337,500,103,33.90744,-118.07293,2163,56,1206
1573002343,500,50,33.90797,-118.07130,2163,56,1206
1573002349,500,354,33.90949,-118.07069,2163,52,1206
1573002356,500,301,33.91063,-118.07175,2163,53,1206
1573002362,500,255,33.91067,-118.07355,2163,57,1206
1573002370,500,196,33.90889,-118.07517,2163,61,1206
1573002376,600,135,33.90715,-118.07422,2163,68,1206
1573002383,600,94,33.90651,-118.07192,2163,73,1206
1573002390,600,73,33.90702,-118.06824,2163,77,1206
1573002396,600,68,33.90776,-118.06572,2163,82,1206
1573002402,700,65,33.90875,-118.06303,2163,87,1206
1573002409,700,59,33.90990,-118.06026,2163,91,1206
1573002415,700,51,33.91149,-118.05765,2163,96,1206
1573002424,700,45,33.91425,-118.05404,2163,100,1206
1573002430,800,42,33.91626,-118.05174,2163,101,1206
1573002436,800,43,33.91833,-118.04947,2163,103,1206
1573002445,700,53,33.92122,-118.04552,2163,106,1206
1573002451,700,66,33.92271,-118.04231,2163,106,1206
1573002457,700,75,33.92359,-118.03911,2163,104,1206
1573002463,700,83,33.92409,-118.03548,2163,103,1206
1573002469,700,87,33.92424,-118.03219,2163,101,1206
1573002478,700,82,33.92453,-118.02750,2163,98,1206
1573002485,800,52,33.92574,-118.02441,2163,94,1206
1573002491,800,35,33.92774,-118.02235,2163,92,1206
1573002499,800,18,33.93100,-118.02013,2163,89,1206
1573002505,700,340,33.93347,-118.02035,2163,88,1206
1573002512,800,313,33.93542,-118.02217,2163,90,1206
1573002520,800,279,33.93691,-118.02657,2163,99,1206
1573002526,700,261,33.93672,-118.02999,2163,104,1206
1573002532,800,243,33.93567,-118.03313,2163,106,1206
1573002539,700,236,33.93411,-118.03619,2163,110,1206
1573002545,700,233,33.93225,-118.03923,2163,111,1206
1573002551,800,231,33.93022,-118.04238,2163,110,1206
1573002559,800,231,33.92738,-118.04669,2163,110,1206
1573002569,800,231,33.92457,-118.05101,2163,111,1206
1573002580,700,230,33.92071,-118.05668,2163,114,1206
1573002587,700,230,33.91846,-118.05987,2163,115,1206
1573002593,700,230,33.91647,-118.06280,2163,115,1206
1573002599,700,230,33.91438,-118.06581,2163,114,1206
1573002605,700,230,33.91237,-118.06863,2163,113,1206
1573002611,700,235,33.91045,-118.07169,2163,110,1206
1573002623,700,236,33.90702,-118.07785,2163,109,1206
1573002634,700,234,33.90358,-118.08392,2163,110,1206
1573002641,700,235,33.90179,-118.08688,2163,110,1206
1573002647,700,236,33.90006,-118.09003,2163,109,1206
1573002659,600,237,33.89676,-118.09624,2163,113,1206
1573002665,600,237,33.89515,-118.09943,2163,113,1206
1573002677,600,237,33.89163,-118.10589,2163,113,1206
1573002689,600,237,33.88831,-118.11230,2163,112,1206
1573002700,600,236,33.88486,-118.11848,2163,111,1206
1573002706,600,236,33.88337,-118.12117,2163,113,1206
1573002713,600,235,33.88137,-118.12471,2163,113,1206
1573002725,600,234,33.87767,-118.13088,2163,112,1206
1573002731,600,232,33.87584,-118.13380,2163,113,1206
1573002742,600,231,33.87195,-118.13980,2163,113,1206
1573002748,600,232,33.87001,-118.14274,2163,114,1206
1573002755,600,233,33.86810,-118.14577,2163,114,1206
1573002761,600,238,33.86633,-118.14903,2163,111,1206
1573002772,600,239,33.86330,-118.15510,2163,110,1206
1573002778,600,239,33.86165,-118.15852,2163,111,1206
1573002785,600,237,33.86018,-118.16138,2163,110,1206
1573002791,600,235,33.85828,-118.16489,2163,110,1206
1573002797,600,234,33.85661,-118.16769,2163,110,1206
1573002803,600,235,33.85474,-118.17085,2163,109,1206
1573002810,600,234,33.85297,-118.17387,2163,109,1206
1573002820,600,239,33.84976,-118.17964,2163,111,1206
1573002827,600,240,33.84810,-118.18313,2163,110,1206
1573002836,600,241,33.84576,-118.18811,2163,111,1206
1573002906,600,245,33.83379,-118.22662,41462,110,1206
1573002914,600,244,33.83199,-118.23128,41462,110,1206
1573002922,500,245,33.83057,-118.23486,41462,111,1206
1573002982,500,227,33.82258,-118.26868,3021,94,1206
1573002990,500,224,33.82054,-118.27113,3021,96,1206
1573003000,500,223,33.81674,-118.27550,3021,101,1206
1573003007,400,226,33.81455,-118.27819,3021,104,1206
1573003014,500,229,33.81271,-118.28072,3021,103,1206
1573003025,500,229,33.80933,-118.28565,3021,105,1206
1573003037,400,228,33.80502,-118.29153,3021,105,1206
1573003043,400,226,33.80296,-118.29417,3021,105,1206
1573003049,400,226,33.80090,-118.29675,3021,106,1206
1573003056,400,223,33.79883,-118.29918,3021,106,1206
1573003063,400,212,33.79578,-118.30190,3021,104,1206
1573003070,400,210,33.79285,-118.30398,3021,101,1206
1573003079,400,225,33.78950,-118.30695,3021,93,1206
1573003086,400,241,33.78808,-118.30936,3021,85,1206
1573003094,500,239,33.78662,-118.31306,3021,81,1206
1573003103,500,169,33.78389,-118.31440,3021,71,1206
1573003110,500,110,33.78273,-118.31272,3021,63,1206
1573003116,500,110,33.78342,-118.31132,3021,63,1206
1573003138,500,163,33.78333,-118.31503,3021,53,1206
1573003146,400,80,33.78254,-118.31308,3021,53,1206
1573003154,400,64,33.78397,-118.31210,3021,53,1206
1573003163,400,263,33.78501,-118.31445,3021,58,1206
1573003172,500,158,33.78319,-118.31547,3021,54,1206
1573003178,500,82,33.78277,-118.31383,3021,47,1206
1573003184,400,12,33.78365,-118.31328,3021,47,1206
1573003191,400,297,33.78478,-118.31463,3021,54,1206
1573003198,500,225,33.78429,-118.31647,3021,53,1206
1573003205,500,152,33.78258,-118.31634,3021,51,1206
1573003214,500,67,33.78226,-118.31383,3021,55,1206
1573003224,500,350,33.78417,-118.31280,3021,52,1206
1573003233,500,264,33.78519,-118.31503,3021,56,1206
1573003242,500,180,33.78333,-118.31641,3021,60,1206
1573003252,600,79,33.78226,-118.31343,3021,63,1206
1573003258,500,14,33.78361,-118.31216,3021,57,1206
1573003265,500,321,33.78519,-118.31280,3021,57,1206
1573003272,500,262,33.78552,-118.31468,3021,54,1206
1573003279,600,182,33.78394,-118.31583,3021,56,1206
1573003289,600,117,33.78232,-118.31378,3021,62,1206
1573003295,500,58,33.78291,-118.31194,3021,57,1206
1573003302,500,343,33.78445,-118.31177,3021,50,1206
1573003311,500,266,33.78529,-118.31383,3021,51,1206
1573003319,500,182,33.78378,-118.31530,3021,51,1206
1573003325,500,140,33.78263,-118.31458,3021,53,1206
1573003331,500,107,33.78227,-118.31294,3021,53,1206
1573003340,500,13,33.78383,-118.31121,3021,50,1206
1573003346,500,313,33.78505,-118.31188,3021,50,1206
1573003356,500,236,33.78488,-118.31446,3021,51,1206
1573003362,500,176,33.78352,-118.31486,3021,54,1206
1573003368,500,142,33.78236,-118.31368,3021,57,1206
1573003374,500,71,33.78235,-118.31183,3021,54,1206
1573003382,500,71,33.78415,-118.31121,3021,54,1206
1573003388,500,308,33.78529,-118.31267,3021,57,1206
1573003395,500,226,33.78484,-118.31446,3021,56,1206
1573003402,600,159,33.78328,-118.31451,3021,62,1206
1573003411,600,92,33.78241,-118.31155,3021,73,1206
1573003445,500,28,33.79572,-118.30009,2958,116,1206
1573003452,500,27,33.79883,-118.29815,2958,117,1206
1573003460,600,29,33.80344,-118.29506,2958,116,1206
1573003470,600,30,33.80772,-118.29221,2958,117,1206
1573003481,600,29,33.81313,-118.28839,2958,116,1206
1573003488,600,28,33.81620,-118.28636,2958,117,1206
1573003500,600,28,33.82202,-118.28253,2958,117,1206
1573003506,600,29,33.82476,-118.28070,2958,117,1206
1573003517,600,30,33.83044,-118.27669,2958,118,1206
1573003524,600,29,33.83322,-118.27477,2958,118,1206
1573003530,600,29,33.83606,-118.27281,2958,116,1206
1573003536,600,27,33.83894,-118.27096,2958,117,1206
1573003542,500,27,33.84206,-118.26906,2958,117,1206
1573003549,500,27,33.84488,-118.26730,2958,116,1206
1573003560,500,32,33.85041,-118.26341,2958,113,1206
1573003566,600,32,33.85309,-118.26143,2958,114,1206
1573003572,600,34,33.85583,-118.25925,2958,115,1206
1573003578,600,33,33.85842,-118.25713,2958,114,1206
1573003584,600,32,33.86112,-118.25507,2958,115,1206
1573003596,600,31,33.86650,-118.25112,2958,112,1206
1573003609,600,29,33.87201,-118.24711,2958,114,1206
1573003620,600,27,33.87749,-118.24366,2958,114,1206
1573003626,600,25,33.88053,-118.24190,2958,113,1206
1573003632,600,24,33.88303,-118.24052,2958,111,1206
1573003638,600,22,33.88596,-118.23901,2958,109,1206
1573003644,700,18,33.88870,-118.23778,2958,102,1206
1573003650,700,18,33.89136,-118.23671,2958,101,1206
1573003656,600,16,33.89438,-118.23565,2958,104,1206
1573003662,600,15,33.89703,-118.23475,2958,104,1206
1573003668,600,13,33.90001,-118.23380,2958,104,1206
1573003674,600,12,33.90274,-118.23303,2958,102,1206
1573003680,600,13,33.90535,-118.23235,2958,101,1206
1573003686,600,11,33.90830,-118.23156,2958,99,1206
1573003692,600,24,33.91090,-118.23066,2958,98,1206
1573003704,600,81,33.91214,-118.22528,2958,96,1206
1573003725,500,133,33.90816,-118.21311,2958,111,1206
1573003732,500,131,33.90596,-118.21036,2958,111,1206
1573003739,500,108,33.90413,-118.20637,2958,114,1206
1573003746,500,114,33.90303,-118.20179,2958,114,1206
1573003752,400,142,33.90115,-118.19904,2958,112,1206
1573003760,500,130,33.89869,-118.19538,2958,96,1206
1573003767,500,43,33.89987,-118.19327,2958,75,1206
1573003775,400,43,33.90189,-118.19405,2958,75,1206
1573003781,400,253,33.90198,-118.19607,2958,66,1206
1573003788,400,183,33.90013,-118.19739,2958,69,1206
1573003794,400,123,33.89859,-118.19589,2958,72,1206
1573003800,400,75,33.89883,-118.19366,2958,70,1206
1573003807,400,8,33.90047,-118.19266,2958,64,1206
1573003816,400,311,33.90243,-118.19422,2958,58,1206
1573003823,400,245,33.90189,-118.19653,2958,62,1206
1573003830,400,156,33.89983,-118.19658,2958,66,1206
1573003836,400,78,33.89939,-118.19458,2958,60,1206
1573003846,400,12,33.90125,-118.19316,2958,55,1206
1573003858,400,255,33.90269,-118.19556,2958,50,1206
1573003866,400,175,33.90065,-118.19653,2958,61,1206
1573003872,400,136,33.89934,-118.19561,2958,59,1206
1573003878,400,78,33.89919,-118.19372,2958,58,1206
1573003886,400,350,33.90111,-118.19263,2958,56,1206
1573003893,400,297,33.90248,-118.19395,2958,57,1206
1573003900,400,245,33.90241,-118.19572,2958,58,1206
1573003911,500,148,33.89957,-118.19664,2958,61,1206
1573003917,500,107,33.89882,-118.19473,2958,63,1206
1573003929,400,354,33.90102,-118.19252,2958,65,1206
1573003938,400,286,33.90288,-118.19441,2958,62,1206
1573003944,500,227,33.90237,-118.19675,2958,62,1206
1573003951,500,197,33.90074,-118.19727,2958,65,1206
1573003957,500,115,33.89934,-118.19579,2958,64,1206
1573003965,500,50,33.89981,-118.19327,2958,62,1206
1573003973,500,41,33.90208,-118.19304,2958,61,1206
1573003982,500,289,33.90264,-118.19584,2958,60,1206
1573003991,500,201,33.90064,-118.19698,2958,63,1206
1573003999,500,98,33.89914,-118.19501,2958,63,1206
1573004008,500,23,33.90047,-118.19276,2958,62,1206
1573004016,500,300,33.90250,-118.19406,2958,57,1206
1573004022,500,244,33.90225,-118.19591,2958,60,1206
1573004031,500,173,33.89996,-118.19697,2958,65,1206
1573004037,500,143,33.89887,-118.19572,2958,65,1206
1573004043,500,65,33.89928,-118.19361,2958,60,1206
1573004049,400,351,33.90087,-118.19315,2958,56,1206
1573004055,400,299,33.90202,-118.19411,2958,52,1206
1573004062,400,241,33.90193,-118.19596,2958,56,1206
1573004074,500,138,33.89910,-118.19584,2958,60,1206
1573004083,500,60,33.89937,-118.19316,2958,58,1206
1573004089,500,4,33.90083,-118.19271,2958,57,1206
1573004095,400,321,33.90198,-118.19395,2958,57,1206
1573004105,500,195,33.90083,-118.19675,2958,59,1206
1573004111,500,137,33.89934,-118.19618,2958,60,1206
1573004118,500,74,33.89909,-118.19405,2958,60,1206
1573004124,500,48,33.90036,-118.19281,2958,61,1206
1573004133,400,355,33.90195,-118.19406,2958,56,1206
1573004139,400,239,33.90161,-118.19591,2958,59,1206
1573004145,500,165,33.89983,-118.19641,2958,60,1206
1573004153,500,123,33.89896,-118.19473,2958,59,1206
1573004161,400,355,33.90060,-118.19304,2958,54,1206
1573004172,400,351,33.90167,-118.19544,2958,53,1206
1573004179,500,174,33.89994,-118.19647,2958,62,1206
1573004191,500,40,33.89937,-118.19333,2958,58,1206
1573004205,500,259,33.90181,-118.19527,2958,52,1206
1573004212,500,193,33.90051,-118.19653,2958,59,1206
1573004223,500,74,33.89887,-118.19401,2958,60,1206
1573004231,500,35,33.90041,-118.19275,2958,60,1206
1573004237,400,344,33.90198,-118.19395,2958,60,1206
1573004245,500,230,33.90148,-118.19641,2958,63,1206
1573004254,500,153,33.89916,-118.19647,2958,67,1206
1573004260,500,83,33.89846,-118.19424,2958,65,1206
1573004266,500,33,33.89929,-118.19275,2958,59,1206
1573004278,500,347,33.90199,-118.19395,2958,60,1206
1573004290,500,186,33.90019,-118.19663,2958,62,1206
1573004296,500,109,33.89910,-118.19538,2958,61,1206
1573004302,400,44,33.89957,-118.19344,2958,55,1206
1573004308,400,352,33.90078,-118.19309,2958,54,1206
1573004314,400,281,33.90195,-118.19464,2958,53,1206
1573004320,400,244,33.90166,-118.19585,2958,55,1206
1573004328,400,146,33.89941,-118.19624,2958,57,1206
1573004335,400,79,33.89901,-118.19452,2958,56,1206
1573004344,400,356,33.90069,-118.19304,2958,53,1206
1573004350,400,356,33.90185,-118.19418,2958,53,1206
1573004356,400,244,33.90138,-118.19613,2958,57,1206
1573004362,400,210,33.90033,-118.19658,2958,57,1206
1573004372,400,77,33.89900,-118.19411,2958,55,1206
1573004380,400,356,33.90065,-118.19299,2958,56,1206
1573004389,400,264,33.90190,-118.19515,2958,55,1206
1573004398,400,178,33.90008,-118.19664,2958,61,1206
1573004405,500,133,33.89891,-118.19534,2958,61,1206
1573004411,500,59,33.89920,-118.19350,2958,57,1206
1573004421,400,305,33.90181,-118.19373,2958,60,1206
1573004428,400,243,33.90184,-118.19596,2958,65,1206
1573004437,500,159,33.89939,-118.19675,2958,63,1206
1573004443,500,91,33.89869,-118.19481,2958,63,1206
1573004452,500,17,33.90006,-118.19288,2958,58,1206
1573004464,400,270,33.90225,-118.19501,2958,56,1206
1573004470,400,248,33.90143,-118.19663,2958,57,1206
1573004477,500,160,33.89964,-118.19680,2958,61,1206
1573004486,500,96,33.89827,-118.19447,2958,59,1206
1573004494,500,47,33.89920,-118.19229,2958,54,1206
1573004500,500,346,33.90078,-118.19200,2958,54,1206
1573004510,500,273,33.90223,-118.19429,2163,55,1206
1573004523,500,184,33.90018,-118.19681,2163,61,1206
1573004529,500,136,33.89827,-118.19589,2163,65,1206
1573004537,500,77,33.89776,-118.19304,2163,62,1206
1573004546,500,19,33.89960,-118.19165,2163,57,1206
1573004553,500,330,33.90111,-118.19223,2163,56,1206
1573004562,500,275,33.90241,-118.19452,2163,57,1206
1573004572,500,223,33.90051,-118.19716,2163,64,1206
1573004579,500,142,33.89854,-118.19630,2163,66,1206
1573004586,500,88,33.89804,-118.19429,2163,64,1206
1573004592,500,43,33.89883,-118.19263,2163,61,1206
1573004599,500,358,33.90051,-118.19192,2163,59,1206
1573004607,500,289,33.90223,-118.19373,2163,58,1206
1573004615,500,230,33.90162,-118.19607,2163,55,1206
1573004624,500,163,33.89919,-118.19658,2163,58,1206
1573004630,500,135,33.89808,-118.19550,2163,59,1206
1573004637,500,73,33.89790,-118.19321,2163,61,1206
1573004646,400,23,33.89994,-118.19177,2163,60,1206
1573004652,400,332,33.90152,-118.19243,2163,57,1206
1573004658,400,279,33.90218,-118.19412,2163,56,1206
1573004664,400,239,33.90167,-118.19601,2163,57,1206
1573004670,500,189,33.90032,-118.19675,2163,58,1206
1573004676,500,153,33.89883,-118.19630,2163,61,1206
1573004682,500,102,33.89790,-118.19447,2163,62,1206
1573004688,500,63,33.89822,-118.19252,2163,59,1206
1573004697,500,346,33.90033,-118.19159,2163,55,1206
1573004705,500,299,33.90193,-118.19321,2163,59,1206
1573004711,500,259,33.90216,-118.19534,2163,61,1206
1573004721,500,201,33.90028,-118.19714,2163,62,1206
1573004727,500,147,33.89854,-118.19619,2163,65,1206
1573004736,500,65,33.89831,-118.19311,2163,61,1206
1573004743,500,20,33.89952,-118.19200,2163,57,1206
1573004755,400,291,33.90195,-118.19395,2163,57,1206
1573004761,500,238,33.90143,-118.19574,2163,57,1206
1573004767,500,166,33.89937,-118.19613,2163,63,1206
1573004776,500,109,33.89813,-118.19418,2163,61,1206
1573004782,500,57,33.89855,-118.19212,2163,65,1206
1573004790,500,346,33.90078,-118.19115,2163,56,1206
1573004796,500,311,33.90181,-118.19200,2163,58,1206
1573004802,500,278,33.90255,-118.19424,2163,63,1206
1573004808,500,243,33.90218,-118.19630,2163,64,1206
1573004815,500,192,33.90064,-118.19756,2163,66,1206
1573004824,500,164,33.89841,-118.19635,2163,64,1206
1573004833,500,57,33.89882,-118.19355,2163,59,1206
1573004842,400,341,33.90106,-118.19298,2163,55,1206
1573004850,400,277,33.90204,-118.19515,2163,50,1206
1573004859,400,189,33.90056,-118.19680,2163,53,1206
1573004866,400,134,33.89923,-118.19619,2163,54,1206
1573004872,500,87,33.89874,-118.19441,2163,55,1206
1573004879,500,37,33.89994,-118.19281,2163,54,1206
1573004889,500,298,33.90204,-118.19429,2163,55,1206
1573004902,500,195,33.90018,-118.19698,2163,62,1206
1573004910,500,127,33.89831,-118.19538,2163,62,1206
1573004916,500,62,33.89841,-118.19333,2163,57,1206
1573004926,500,6,33.90041,-118.19235,2163,59,1206
1573004934,500,287,33.90202,-118.19405,2163,55,1206
1573004940,500,245,33.90175,-118.19591,2163,57,1206
1573004946,500,245,33.90056,-118.19675,2163,57,1206
1573004957,500,101,33.89864,-118.19464,2163,59,1206
1573004964,500,56,33.89987,-118.19260,2163,56,1206
1573004971,500,327,33.90138,-118.19288,2163,59,1206
1573004977,500,282,33.90223,-118.19464,2163,58,1206
1573004989,500,190,33.90024,-118.19737,2163,62,1206
1573004995,600,151,33.89859,-118.19697,2163,64,1206
1573005001,600,121,33.89734,-118.19521,2163,64,1206
1573005010,600,50,33.89785,-118.19246,2163,58,1206
1573005020,500,352,33.90015,-118.19182,2163,59,1206
1573005028,500,291,33.90171,-118.19383,2163,54,1206
1573005034,600,261,33.90179,-118.19557,2163,52,1206
1573005040,500,236,33.90097,-118.19704,2163,54,1206
1573005046,500,178,33.89941,-118.19759,2163,63,1206
1573005052,500,146,33.89776,-118.19687,2163,64,1206
1573005061,600,93,33.89653,-118.19400,2163,62,1206
1573005067,600,59,33.89708,-118.19215,2163,58,1206
1573005076,500,349,33.89906,-118.19132,2163,53,1206
1573005086,500,284,33.90060,-118.19350,2163,60,1206
1573005097,500,238,33.89971,-118.19716,2163,63,1206
1573005103,500,174,33.89800,-118.19753,2163,65,1206
1573005111,500,88,33.89685,-118.19540,2163,63,1206
1573005118,500,35,33.89808,-118.19327,2163,68,1206
1573005125,500,8,33.89983,-118.19266,2163,65,1206
1573005134,500,291,33.90190,-118.19441,2163,61,1206
1573005143,500,252,33.90092,-118.19681,2163,61,1206
1573005154,600,102,33.89822,-118.19504,2163,61,1206
1573005163,500,40,33.89919,-118.19243,2163,63,1206
1573005169,500,350,33.90083,-118.19200,2163,57,1206
1573005175,500,301,33.90213,-118.19327,2163,58,1206
1573005181,500,259,33.90234,-118.19518,2163,61,1206
1573005190,500,172,33.90032,-118.19670,2163,63,1206
1573005197,500,110,33.89923,-118.19529,2163,59,1206
1573005208,500,353,33.90093,-118.19282,2163,57,1206
1573005214,500,299,33.90223,-118.19401,2163,54,1206
1573005220,500,242,33.90218,-118.19584,2163,56,1206
1573005229,500,202,33.90015,-118.19686,2163,60,1206
1573005238,500,95,33.89868,-118.19467,2163,61,1206
1573005247,500,23,33.90008,-118.19241,2163,56,1206
1573005253,500,331,33.90171,-118.19269,2163,56,1206
1573005259,500,287,33.90250,-118.19424,2163,56,1206
1573005265,500,243,33.90227,-118.19612,2163,58,1206
1573005276,600,168,33.89941,-118.19742,2163,67,1206
1573005286,600,95,33.89763,-118.19479,2163,64,1206
1573005293,600,62,33.89808,-118.19263,2163,67,1206
1573005302,600,8,33.90027,-118.19086,2163,61,1206
1573005308,600,330,33.90170,-118.19142,2163,58,1206
1573005314,500,296,33.90276,-118.19305,2163,61,1206
1573005322,500,251,33.90289,-118.19563,2163,63,1206
1573005332,500,189,33.90047,-118.19765,2163,67,1206
1573005338,600,148,33.89859,-118.19710,2163,66,1206
1573005346,600,86,33.89753,-118.19424,2163,64,1206
1573005353,600,46,33.89827,-118.19266,2163,58,1206
1573005359,500,353,33.89987,-118.19232,2163,63,1206
1573005366,500,339,33.90166,-118.19311,2163,64,1206
1573005374,500,284,33.90276,-118.19529,2163,53,1206
1573005380,500,236,33.90221,-118.19686,2163,55,1206
1573005388,500,159,33.89964,-118.19748,2163,63,1206
1573005394,500,121,33.89846,-118.19601,2163,61,1206
1573005401,500,70,33.89841,-118.19406,2163,56,1206
1573005407,500,26,33.89941,-118.19282,2163,55,1206
1573005413,500,343,33.90106,-118.19281,2163,55,1206
1573005422,500,293,33.90264,-118.19441,2163,51,1206
1573005429,500,252,33.90262,-118.19630,2163,58,1206
1573005435,500,235,33.90162,-118.19778,2163,61,1206
1573005444,600,151,33.89891,-118.19775,2163,70,1206
1573005450,600,92,33.89804,-118.19566,2163,69,1206
1573005460,500,7,33.90042,-118.19288,2163,68,1206
1573005466,500,323,33.90208,-118.19360,2163,62,1206
1573005472,500,253,33.90241,-118.19550,2163,61,1206
1573005479,500,210,33.90097,-118.19681,2163,62,1206
1573005489,500,100,33.89923,-118.19479,2163,61,1206
1573005497,500,13,33.90064,-118.19286,2163,59,1206
1573005503,400,331,33.90225,-118.19333,2163,60,1206
1573005509,400,271,33.90288,-118.19498,2163,58,1206
1573005520,400,191,33.90069,-118.19733,2163,60,1206
1573005527,500,129,33.89906,-118.19607,2163,58,1206
1573005534,500,65,33.89920,-118.19435,2163,55,1206
1573005542,400,341,33.90106,-118.19366,2163,50,1206
1573005548,400,284,33.90184,-118.19495,2163,47,1206
1573005554,400,241,33.90148,-118.19641,2163,48,1206
1573005561,400,170,33.89999,-118.19664,2163,56,1206
1573005569,500,74,33.89923,-118.19440,2163,55,1206
1573005578,400,344,33.90120,-118.19333,2163,53,1206
1573005584,400,281,33.90208,-118.19469,2163,55,1206
1573005590,400,235,33.90171,-118.19635,2163,59,1206
1573005596,500,218,33.90027,-118.19727,2163,59,1206
1573005602,500,145,33.89878,-118.19635,2163,60,1206
1573005612,500,68,33.89846,-118.19332,2163,61,1206
1573005621,500,349,33.90041,-118.19223,2163,53,1206
1573005629,400,286,33.90189,-118.19422,2163,61,1206
1573005635,500,241,33.90157,-118.19630,2163,60,1206
1573005642,500,201,33.90019,-118.19737,2163,61,1206
1573005649,500,140,33.89813,-118.19664,2163,63,1206
1573005656,600,90,33.89748,-118.19458,2163,59,1206
1573005663,600,47,33.89813,-118.19266,2163,55,1206
1573005669,600,4,33.89951,-118.19204,2163,53,1206
1573005677,500,315,33.90144,-118.19304,2163,57,1206
1573005683,600,273,33.90208,-118.19498,2163,55,1206
1573005689,600,239,33.90170,-118.19658,2163,58,1206
1573005695,600,188,33.90041,-118.19750,2163,60,1206
1573005702,600,133,33.89864,-118.19653,2163,62,1206
1573005708,600,79,33.89822,-118.19441,2163,60,1206
1573005720,500,1,33.90060,-118.19260,2163,54,1206
1573005728,500,279,33.90193,-118.19462,2163,57,1206
1573005734,400,248,33.90175,-118.19630,2163,62,1206
1573005741,500,245,33.90041,-118.19795,2163,62,1206
1573005749,500,135,33.89817,-118.19750,2163,60,1206
1573005755,500,88,33.89771,-118.19566,2163,58,1206
1573005762,500,46,33.89841,-118.19418,2163,53,1206
1573005770,500,349,33.90037,-118.19361,2163,48,1206
1573005776,500,296,33.90139,-118.19475,2163,50,1206
1573005783,400,242,33.90129,-118.19658,2163,52,1206
1573005792,500,180,33.89955,-118.19765,2163,56,1206
1573005799,400,139,33.89804,-118.19664,2163,60,1206
1573005806,400,81,33.89763,-118.19405,2163,60,1206
1573005813,500,30,33.89869,-118.19246,2163,52,1206
1573005821,500,321,33.90065,-118.19282,2163,52,1206
1573005827,500,276,33.90129,-118.19445,2163,52,1206
1573005835,500,229,33.90051,-118.19641,2163,57,1206
1573005842,500,174,33.89864,-118.19693,2163,63,1206
1573005849,500,99,33.89754,-118.19534,2163,55,1206
1573005855,500,44,33.89822,-118.19355,2163,64,1206
1573005863,500,354,33.90051,-118.19260,2163,59,1206
1573005869,500,312,33.90161,-118.19333,2163,54,1206
1573005876,500,267,33.90212,-118.19534,2163,56,1206
1573005886,500,243,33.90051,-118.19733,2163,55,1206
1573005893,500,142,33.89859,-118.19663,2163,63,1206
1573005901,500,81,33.89800,-118.19434,2163,58,1206
1573005907,500,32,33.89892,-118.19286,2163,57,1206
1573005915,500,332,33.90125,-118.19293,2163,55,1206
1573005921,500,292,33.90202,-118.19434,2163,50,1206
1573005927,500,243,33.90185,-118.19595,2163,49,1206
1573005933,500,202,33.90074,-118.19703,2163,52,1206
1573005940,500,171,33.89925,-118.19710,2163,55,1206
1573005948,500,102,33.89781,-118.19518,2163,54,1206
1573005955,500,57,33.89813,-118.19338,2163,54,1206
1573005963,500,3,33.90001,-118.19215,2163,51,1206
1573005969,500,327,33.90129,-118.19266,2163,47,1206
1573005975,500,286,33.90198,-118.19389,2163,49,1206
1573005981,400,250,33.90189,-118.19568,2163,56,1206
1573005991,500,199,33.90001,-118.19759,2163,59,1206
1573005999,500,130,33.89799,-118.19658,2163,56,1206
1573006005,500,67,33.89804,-118.19481,2163,58,1206
1573006013,400,13,33.89973,-118.19333,2163,58,1206
1573006021,500,325,33.90162,-118.19373,2163,53,1206
1573006027,400,276,33.90218,-118.19527,2163,53,1206
1573006034,400,243,33.90153,-118.19710,2163,53,1206
1573006042,400,172,33.89957,-118.19772,2163,57,1206
1573006051,500,102,33.89808,-118.19589,2163,53,1206
1573006059,400,38,33.89892,-118.19366,2163,54,1206
1573006065,400,15,33.90041,-118.19315,2163,56,1206
1573006071,400,321,33.90181,-118.19383,2163,51,1206
1573006078,400,274,33.90243,-118.19546,2163,51,1206
1573006084,400,232,33.90185,-118.19698,2163,51,1206
1573006093,500,177,33.89971,-118.19744,2163,56,1206
1573006101,500,94,33.89845,-118.19529,2163,58,1206
1573006107,500,47,33.89901,-118.19366,2163,57,1206
1573006114,400,355,33.90060,-118.19304,2163,55,1206
1573006125,500,280,33.90225,-118.19495,2163,48,1206
1573006140,500,148,33.89937,-118.19669,2163,58,1206
1573006146,500,91,33.89892,-118.19504,2163,57,1206
1573006152,500,44,33.89971,-118.19355,2163,62,1206
1573006159,500,349,33.90153,-118.19304,2163,52,1206
1573006167,500,279,33.90280,-118.19484,2163,54,1206
1573006173,500,233,33.90234,-118.19658,2163,60,1206
1573006180,500,202,33.90092,-118.19750,2163,62,1206
1573006186,500,138,33.89937,-118.19675,2163,60,1206
1573006192,500,82,33.89897,-118.19487,2163,57,1206
1573006200,500,20,33.90065,-118.19327,2163,53,1206
1573006206,500,325,33.90195,-118.19373,2163,53,1206
1573006212,500,273,33.90250,-118.19527,2163,52,1206
1573006218,500,222,33.90185,-118.19681,2163,55,1206
1573006225,500,191,33.90013,-118.19716,2163,57,1206
1573006232,500,101,33.89905,-118.19534,2163,60,1206
1573006238,500,51,33.89952,-118.19366,2163,57,1206
1573006247,500,334,33.90144,-118.19332,2163,51,1206
1573006254,400,268,33.90218,-118.19538,2163,51,1206
1573006266,500,154,33.89973,-118.19653,2163,59,1206
1573006276,400,40,33.89978,-118.19405,2163,58,1206
1573006284,400,301,33.90195,-118.19452,2163,51,1206
1573006291,400,250,33.90193,-118.19619,2163,54,1206
1573006299,400,169,33.89990,-118.19710,2163,60,1206
1573006306,500,99,33.89887,-118.19534,2163,58,1206
1573006312,500,54,33.89929,-118.19383,2163,56,1206
1573006318,500,8,33.90083,-118.19298,2163,55,1206
1573006327,500,294,33.90262,-118.19434,2163,52,1206
1573006333,500,254,33.90257,-118.19602,2163,55,1206
1573006342,500,189,33.90074,-118.19767,2163,59,1206
1573006348,600,151,33.89920,-118.19733,2163,61,1206
1573006354,600,104,33.89831,-118.19550,2163,60,1206
1573006360,600,54,33.89878,-118.19360,2163,60,1206
1573006366,500,10,33.90010,-118.19282,2163,55,1206
1573006372,500,324,33.90148,-118.19332,2163,58,1206
1573006379,500,279,33.90250,-118.19538,2163,61,1206
1573006387,500,231,33.90115,-118.19759,2163,59,1206
1573006393,500,145,33.89960,-118.19720,2163,60,1206
1573006402,500,80,33.89896,-118.19473,2163,58,1206
1573006408,400,38,33.90018,-118.19338,2163,54,1206
1573006414,400,331,33.90161,-118.19372,2163,54,1206
1573006421,400,276,33.90227,-118.19527,2163,54,1206
1573006433,500,153,33.89967,-118.19704,2958,55,1206
1573006442,500,86,33.89868,-118.19467,2958,60,1206
1573006448,500,42,33.89946,-118.19311,2958,60,1206
1573006454,500,1,33.90097,-118.19254,2958,56,1206
1573006463,600,285,33.90255,-118.19406,2958,52,1206
1573006471,500,232,33.90207,-118.19602,2958,61,1206
1573006478,500,167,33.89964,-118.19675,2958,66,1206
1573006485,500,125,33.89817,-118.19544,2958,63,1206
1573006493,600,77,33.89780,-118.19298,2958,57,1206
1573006500,500,37,33.89883,-118.19149,2958,55,1206
1573006506,500,349,33.90060,-118.19131,2958,54,1206
1573006513,500,319,33.90181,-118.19223,2958,52,1206
1573006521,500,295,33.90250,-118.19469,2958,53,1206
1573006529,500,222,33.90152,-118.19669,2958,60,1206
1573006535,500,177,33.89964,-118.19748,2958,58,1206
1573006542,500,133,33.89818,-118.19653,2958,58,1206
1573006550,600,75,33.89766,-118.19395,2958,54,1206
1573006557,600,43,33.89859,-118.19254,2958,53,1206
1573006563,600,2,33.90004,-118.19229,2958,55,1206
1573006571,600,313,33.90162,-118.19373,2958,59,1206
1573006579,500,258,33.90190,-118.19635,2958,63,1206
1573006585,500,207,33.90079,-118.19787,2958,62,1206
1573006593,600,134,33.89855,-118.19733,2958,62,1206
1573006599,600,93,33.89799,-118.19527,2958,65,1206
1573006608,500,30,33.89941,-118.19276,2958,63,1206
1573006618,500,356,33.90193,-118.19305,2958,61,1206
1573006627,500,299,33.90276,-118.19568,2958,57,1206
1573006635,500,204,33.90111,-118.19753,2958,60,1206
1573006641,500,162,33.89934,-118.19721,2958,62,1206
1573006647,500,107,33.89836,-118.19556,2958,61,1206
1573006653,500,59,33.89873,-118.19350,2958,63,1206
1573006659,500,23,33.90006,-118.19237,2958,56,1206
1573006677,500,240,33.90184,-118.19585,2958,54,1206
1573006683,500,196,33.90060,-118.19680,2958,55,1206
1573006689,500,132,33.89929,-118.19618,2958,51,1206
1573006696,400,74,33.89919,-118.19450,2958,58,1206
1573006704,400,5,33.90097,-118.19299,2958,52,1206
1573006711,400,306,33.90216,-118.19383,2958,48,1206
1573006719,400,235,33.90193,-118.19596,2958,47,1206
1573006725,400,197,33.90083,-118.19658,2958,49,1206
1573006731,400,128,33.89937,-118.19551,2958,58,1206
1573006737,400,78,33.89910,-118.19366,2958,56,1206
1573006744,500,31,33.90001,-118.19237,2958,51,1206
1573006750,400,357,33.90147,-118.19266,2958,52,1206
1573006759,400,264,33.90221,-118.19501,2958,55,1206
1573006767,500,219,33.90079,-118.19680,2958,54,1206
1573006774,500,154,33.89910,-118.19658,2958,60,1206
1573006782,500,93,33.89794,-118.19412,2958,60,1206
1573006788,500,55,33.89864,-118.19235,2958,60,1206
1573006796,500,352,33.90078,-118.19167,2958,58,1206
1573006803,500,297,33.90202,-118.19293,2958,51,1206
1573006809,500,260,33.90189,-118.19490,2958,58,1206
1573006815,500,221,33.90092,-118.19641,2958,65,1206
1573006821,500,175,33.89928,-118.19680,2958,64,1206
1573006827,600,111,33.89799,-118.19538,2958,61,1206
1573006834,600,66,33.89813,-118.19344,2958,66,1206
1573006842,500,350,33.90070,-118.19221,2958,64,1206
1573006849,500,311,33.90208,-118.19350,2958,62,1206
1573006859,500,238,33.90185,-118.19641,2958,66,1206
1573006866,500,152,33.89952,-118.19693,2958,65,1206
1573006874,600,90,33.89868,-118.19484,2958,64,1206
1573006881,500,16,33.90013,-118.19292,2958,61,1206
1573006893,500,269,33.90218,-118.19521,2958,58,1206
1573006900,500,205,33.90111,-118.19686,2958,64,1206
1573006908,500,122,33.89883,-118.19572,2958,60,1206
1573006914,500,64,33.89896,-118.19378,2958,57,1206
1573006921,500,25,33.90013,-118.19258,2958,54,1206
1573006929,600,325,33.90198,-118.19288,2958,47,1206
1573006935,500,296,33.90255,-118.19389,2958,51,1206
1573006942,500,243,33.90232,-118.19612,2958,60,1206
1573006949,500,200,33.90087,-118.19744,2958,57,1206
1573006957,500,137,33.89869,-118.19670,2958,56,1206
1573006966,500,72,33.89831,-118.19418,2958,55,1206
1573006973,500,33,33.89937,-118.19282,2958,54,1206
1573006986,400,303,33.90239,-118.19344,2958,47,1206
1573006994,400,247,33.90237,-118.19504,2958,46,1206
1573007002,400,195,33.90083,-118.19653,2958,51,1206
1573007008,400,146,33.89934,-118.19607,2958,54,1206
1573007014,400,104,33.89864,-118.19441,2958,58,1206
1573007022,400,47,33.89952,-118.19190,2958,58,1206
1573007029,500,357,33.90102,-118.19154,2958,49,1206
1573007036,500,325,33.90216,-118.19237,2958,48,1206
1573007044,500,288,33.90255,-118.19481,2958,52,1206
1573007050,500,220,33.90167,-118.19647,2958,53,1206
1573007056,500,186,33.90056,-118.19697,2958,52,1206
1573007062,500,144,33.89901,-118.19618,2958,58,1206
1573007069,500,107,33.89822,-118.19440,2958,59,1206
1573007080,500,13,33.89969,-118.19165,2958,51,1206
1573007086,500,343,33.90102,-118.19199,2958,53,1206
1573007093,400,297,33.90207,-118.19350,2958,56,1206
1573007099,500,262,33.90225,-118.19546,2958,57,1206
1573007107,500,200,33.90078,-118.19744,2958,57,1206
1573007113,500,161,33.89916,-118.19739,2958,62,1206
1573007119,500,120,33.89795,-118.19602,2958,65,1206
1573007125,600,70,33.89790,-118.19395,2958,59,1206
1573007131,600,42,33.89905,-118.19260,2958,60,1206
1573007137,500,349,33.90087,-118.19241,2958,65,1206
1573007147,500,290,33.90264,-118.19464,2958,59,1206
1573007155,500,230,33.90176,-118.19721,2958,58,1206
1573007162,600,184,33.90018,-118.19767,2958,61,1206
1573007170,600,109,33.89831,-118.19574,2958,63,1206
1573007176,500,74,33.89836,-118.19372,2958,62,1206
1573007182,500,37,33.89937,-118.19221,2958,57,1206
1573007189,500,3,33.90074,-118.19182,2958,53,1206
1573007197,500,294,33.90262,-118.19333,2958,52,1206
1573007206,500,234,33.90232,-118.19584,2958,56,1206
1573007212,500,200,33.90111,-118.19675,2958,57,1206
1573007218,500,161,33.89929,-118.19664,2958,59,1206
1573007224,500,115,33.89818,-118.19529,2958,59,1206
1573007231,500,71,33.89813,-118.19338,2958,56,1206
1573007237,500,18,33.89923,-118.19232,2958,55,1206
1573007247,500,308,33.90198,-118.19355,2958,60,1206
1573007254,500,262,33.90221,-118.19574,2958,59,1206
1573007263,500,212,33.90069,-118.19710,2958,57,1206
1573007270,500,110,33.89928,-118.19568,2958,59,1206
1573007278,500,6,33.90047,-118.19372,2958,52,1206
1573007289,400,302,33.90147,-118.19568,2958,48,1206
1573007296,400,147,33.89985,-118.19607,2958,56,1206
1573007303,500,73,33.89941,-118.19440,2958,54,1206
1573007309,400,10,33.90069,-118.19327,2958,53,1206
1573007318,400,308,33.90230,-118.19490,2958,53,1206
1573007324,500,235,33.90193,-118.19647,2958,56,1206
1573007330,400,184,33.90041,-118.19721,2958,58,1206
1573007336,500,111,33.89914,-118.19602,2958,62,1206
1573007342,500,65,33.89941,-118.19411,2958,59,1206
1573007349,500,1,33.90087,-118.19360,2958,56,1206
1573007355,500,263,33.90176,-118.19538,2958,52,1206
1573007362,500,191,33.90046,-118.19675,2958,60,1206
1573007369,500,110,33.89910,-118.19561,2958,59,1206
1573007375,500,40,33.89964,-118.19389,2958,57,1206
1573007381,500,335,33.90102,-118.19406,2958,51,1206
1573007391,500,205,33.90079,-118.19613,2958,51,1206
1573007400,500,91,33.89929,-118.19481,2958,52,1206
1573007409,400,3,33.90083,-118.19350,2958,51,1206
1573007423,500,178,33.90037,-118.19658,2958,57,1206
1573007429,500,109,33.89929,-118.19550,2958,55,1206
1573007437,500,30,33.90032,-118.19355,2958,54,1206
1573007444,500,321,33.90195,-118.19389,2958,54,1206
1573007450,500,307,33.90232,-118.19556,2958,52,1206
1573007456,500,229,33.90138,-118.19692,2958,58,1206
1573007462,500,154,33.89964,-118.19692,2958,62,1206
1573007469,500,94,33.89882,-118.19518,2958,60,1206
1573007476,500,15,33.90010,-118.19344,2958,52,1206
1573007488,500,321,33.90193,-118.19563,2958,52,1206
1573007494,500,215,33.90093,-118.19697,2958,55,1206
1573007502,500,128,33.89934,-118.19630,2958,57,1206
1573007511,400,35,33.89978,-118.19378,2958,53,1206
1573007517,400,324,33.90147,-118.19389,2958,46,1206
1573007524,400,291,33.90213,-118.19550,2958,49,1206
1573007531,500,226,33.90138,-118.19720,2958,53,1206
1573007538,500,163,33.89981,-118.19744,2958,58,1206
1573007547,500,73,33.89896,-118.19490,2958,61,1206
1573007554,500,358,33.90074,-118.19355,2958,57,1206
1573007561,500,322,33.90199,-118.19464,2958,55,1206
1573007567,500,240,33.90179,-118.19653,2958,59,1206
1573007576,500,168,33.89957,-118.19744,2958,61,1206
1573007583,500,112,33.89836,-118.19589,2958,58,1206
1573007590,500,47,33.89906,-118.19360,2958,56,1206
1573007597,500,356,33.90065,-118.19305,2958,56,1206
1573007603,500,320,33.90198,-118.19389,2958,56,1206
1573007610,500,290,33.90250,-118.19561,2958,56,1206
1573007619,500,210,33.90134,-118.19790,2958,59,1206
1573007625,600,165,33.89955,-118.19804,2958,57,1206
1573007632,600,111,33.89804,-118.19607,2958,62,1206
1573007639,600,67,33.89817,-118.19383,2958,62,1206
1573007645,600,23,33.89948,-118.19246,2958,60,1206
1573007652,600,357,33.90102,-118.19235,2958,59,1206
1573007659,600,307,33.90260,-118.19395,2958,57,1206
1573007666,500,251,33.90260,-118.19607,2958,56,1206
1573007672,600,212,33.90147,-118.19753,2958,56,1206
1573007679,600,179,33.89992,-118.19792,2958,59,1206
1573007688,600,123,33.89804,-118.19653,2958,57,1206
1573007696,500,66,33.89808,-118.19344,2958,62,1206
1573007702,500,27,33.89909,-118.19232,2958,57,1206
1573007712,500,316,33.90144,-118.19281,2958,56,1206
1573007718,500,279,33.90208,-118.19458,2958,57,1206
1573007726,500,210,33.90097,-118.19675,2958,59,1206
1573007733,500,141,33.89920,-118.19647,2958,59,1206
1573007741,500,74,33.89874,-118.19424,2958,55,1206
1573007748,500,20,33.89996,-118.19288,2958,52,1206
1573007761,500,311,33.90223,-118.19412,2958,49,1206
1573007769,400,230,33.90185,-118.19664,2958,56,1206
1573007777,400,152,33.89978,-118.19703,2958,55,1206
1573007784,400,112,33.89906,-118.19544,2958,52,1206
1573007792,400,7,33.90051,-118.19366,2958,57,1206
1573007802,500,266,33.90181,-118.19527,2958,48,1206
1573007810,400,180,33.90028,-118.19663,2958,59,1206
1573007820,500,87,33.89873,-118.19467,2958,57,1206
1573007826,500,29,33.89973,-118.19311,2958,51,1206
1573007832,500,355,33.90093,-118.19293,2958,47,1206
1573007841,500,293,33.90212,-118.19490,2958,51,1206
1573007847,500,235,33.90147,-118.19641,2958,53,1206
1573007855,500,153,33.89937,-118.19675,2958,54,1206
1573007861,500,112,33.89841,-118.19540,2958,54,1206
1573007868,500,62,33.89845,-118.19389,2958,50,1206
1573007875,500,24,33.89983,-118.19288,2958,51,1206
1573007885,600,298,33.90212,-118.19462,2958,56,1206
1573007892,600,240,33.90199,-118.19664,2958,60,1206
1573007898,600,200,33.90070,-118.19775,2958,60,1206
1573007905,600,147,33.89900,-118.19748,2958,61,1206
1573007913,600,76,33.89836,-118.19475,2958,60,1206
1573007923,500,13,33.90013,-118.19309,2958,52,1206
1573007936,500,281,33.90225,-118.19563,2958,46,1206
1573007942,500,240,33.90195,-118.19693,2958,49,1206
1573007949,500,196,33.90060,-118.19809,2958,52,1206
1573007958,500,137,33.89854,-118.19742,2958,56,1206
1573007964,500,104,33.89790,-118.19568,2958,56,1206
1573007970,500,53,33.89841,-118.19400,2958,52,1206
1573007976,500,14,33.89952,-118.19315,2958,44,1206
1573007982,500,344,33.90060,-118.19327,2958,44,1206
1573007994,500,265,33.90185,-118.19589,2958,47,1206
1573008004,500,243,33.90065,-118.19782,2958,49,1206
1573008013,500,143,33.89841,-118.19744,2958,55,1206
1573008022,500,85,33.89757,-118.19492,2958,57,1206
1573008028,500,50,33.89827,-118.19344,2958,54,1206
1573008037,500,352,33.90047,-118.19260,2958,55,1206
1573008043,500,327,33.90184,-118.19338,2958,55,1206
1573008051,500,276,33.90253,-118.19602,2958,58,1206
1573008060,600,203,33.90097,-118.19809,2958,60,1206
1573008067,600,159,33.89925,-118.19807,2958,62,1206
1573008076,600,90,33.89800,-118.19546,2958,66,1206
1573008084,600,32,33.89929,-118.19281,2958,57,1206
1573008090,600,353,33.90065,-118.19254,2958,54,1206
1573008098,600,298,33.90213,-118.19395,2958,54,1206
1573008106,600,242,33.90199,-118.19618,2958,55,1206
1573008112,600,195,33.90064,-118.19727,2958,60,1206
1573008119,600,145,33.89859,-118.19675,2958,61,1206
1573008126,600,98,33.89758,-118.19450,2958,64,1206
1573008133,600,58,33.89790,-118.19254,2958,59,1206
1573008141,600,356,33.90004,-118.19154,2958,59,1206
1573008151,500,307,33.90221,-118.19311,2958,61,1206
1573008159,500,258,33.90262,-118.19579,2958,60,1206
1573008165,600,218,33.90162,-118.19762,2958,58,1206
1573008171,600,180,33.90001,-118.19815,2958,60,1206
1573008177,600,138,33.89855,-118.19739,2958,63,1206
1573008184,600,94,33.89785,-118.19538,2958,64,1206
1573008192,600,42,33.89909,-118.19293,2958,57,1206
1573008199,500,352,33.90056,-118.19276,2958,53,1206
1573008207,500,339,33.90212,-118.19411,2958,53,1206
1573008214,500,257,33.90225,-118.19619,2958,56,1206
1573008220,500,215,33.90115,-118.19756,2958,58,1206
1573008229,500,131,33.89891,-118.19658,2958,63,1206
1573008235,500,71,33.89878,-118.19458,2958,60,1206
1573008243,400,4,33.90056,-118.19316,2958,55,1206
1573008254,400,254,33.90176,-118.19533,2163,49,1206
1573008263,500,183,33.89999,-118.19658,2163,54,1206
1573008270,500,152,33.89892,-118.19533,2163,55,1206
1573008276,500,70,33.89920,-118.19332,2163,58,1206
1573008283,500,9,33.90065,-118.19237,2163,57,1206
1573008291,500,302,33.90266,-118.19366,2163,57,1206
1573008298,500,254,33.90280,-118.19551,2163,59,1206
1573008309,500,159,33.90008,-118.19704,2163,58,1206
1573008315,500,113,33.89919,-118.19563,2163,57,1206
1573008321,500,74,33.89928,-118.19378,2163,55,1206
1573008330,500,5,33.90106,-118.19241,2163,53,1206
1573008336,500,330,33.90241,-118.19298,2163,57,1206
1573008342,500,276,33.90312,-118.19462,2163,53,1206
1573008351,500,217,33.90202,-118.19680,2163,52,1206
1573008357,500,184,33.90055,-118.19739,2163,58,1206
1573008363,600,154,33.89910,-118.19698,2163,57,1206
1573008369,600,133,33.89790,-118.19563,2163,55,1206
1573008376,600,80,33.89772,-118.19383,2163,54,1206
1573008384,500,28,33.89896,-118.19182,2163,51,1206
1573008391,500,349,33.90024,-118.19170,2163,44,1206
1573008397,500,320,33.90125,-118.19249,2163,44,1206
1573008406,500,264,33.90189,-118.19479,2163,52,1206
1573008414,500,243,33.90083,-118.19680,2163,51,1206
1573008423,500,139,33.89901,-118.19641,2163,52,1206
1573008433,500,60,33.89874,-118.19373,2163,54,1206
1573008441,500,3,33.90051,-118.19258,2163,47,1206
1573008448,400,326,33.90157,-118.19316,2163,46,1206
1573008454,400,289,33.90227,-118.19464,2163,47,1206
1573008463,400,225,33.90161,-118.19714,2163,50,1206
1573008469,500,184,33.90056,-118.19753,2163,51,1206
1573008478,500,97,33.89906,-118.19544,2163,58,1206
1573008486,400,52,33.90024,-118.19344,2163,57,1206
1573008495,400,303,33.90227,-118.19441,2163,52,1206
1573008502,400,235,33.90190,-118.19595,2163,54,1206
1573008511,500,148,33.89973,-118.19613,2163,55,1206
1573008518,500,105,33.89967,-118.19389,2163,58,1206
1573008526,400,343,33.90129,-118.19316,2163,52,1206
1573008534,400,260,33.90208,-118.19533,2163,53,1206
1573008543,500,175,33.90042,-118.19663,2163,56,1206
1573008549,500,109,33.89929,-118.19538,2163,55,1206
1573008556,500,47,33.89969,-118.19372,2163,51,1206
1573008565,400,324,33.90157,-118.19373,2163,49,1206
1573008571,400,262,33.90199,-118.19527,2163,51,1206
1573008577,500,205,33.90111,-118.19653,2163,51,1206
1573008585,500,114,33.89914,-118.19534,2163,57,1206
1573008591,500,58,33.89939,-118.19378,2163,56,1206
1573008598,500,8,33.90079,-118.19293,2163,54,1206
1573008607,500,292,33.90255,-118.19441,2163,54,1206
1573008616,500,233,33.90204,-118.19698,2163,57,1206
1573008626,500,166,33.89985,-118.19710,2163,55,1206
1573008634,500,90,33.89883,-118.19475,2163,54,1206
1573008643,500,46,33.90013,-118.19286,2163,52,1206
1573008651,400,325,33.90185,-118.19327,2163,53,1206
1573008657,400,282,33.90276,-118.19507,2163,54,1206
1573008664,400,235,33.90237,-118.19681,2163,49,1206
1573008670,400,231,33.90120,-118.19759,2163,49,1206
1573008677,400,140,33.89955,-118.19697,2163,54,1206
1573008684,400,85,33.89905,-118.19507,2163,54,1206
1573008690,400,53,33.89967,-118.19350,2163,55,1206
1573008698,500,2,33.90115,-118.19281,2163,53,1206
1573008706,500,304,33.90294,-118.19400,2163,49,1206
1573008712,500,261,33.90311,-118.19572,2163,51,1206
1573008718,500,236,33.90239,-118.19703,2163,54,1206
1573008724,500,199,33.90097,-118.19778,2163,55,1206
1573008733,500,138,33.89896,-118.19630,2163,61,1206
1573008740,500,74,33.89883,-118.19418,2163,58,1206
1573008748,500,4,33.90056,-118.19282,2163,51,1206
1573008754,500,312,33.90161,-118.19361,2163,43,1206
1573008761,500,251,33.90166,-118.19512,2163,48,1206
1573008770,400,234,33.89996,-118.19624,2163,50,1206
1573008778,500,109,33.89846,-118.19452,2163,51,1206
1573008784,500,64,33.89868,-118.19282,2163,51,1206
1573008791,500,37,33.89976,-118.19206,2163,49,1206
1573008799,400,317,33.90185,-118.19344,2163,60,1206
1573008807,500,299,33.90330,-118.19538,2163,60,1206
1573008815,500,220,33.90269,-118.19716,2163,52,1206
1573008824,500,154,33.90051,-118.19653,2163,56,1206
1573008831,500,84,33.89985,-118.19447,2163,54,1206
1573008838,500,65,33.90106,-118.19311,2163,55,1206
1573008845,400,329,33.90232,-118.19378,2163,51,1206
1573008852,400,239,33.90232,-118.19601,2163,53,1206
1573008859,400,222,33.90125,-118.19708,2163,54,1206
1573008865,500,167,33.89952,-118.19704,2163,53,1206
1573008871,500,122,33.89855,-118.19584,2163,52,1206
1573008877,500,72,33.89854,-118.19400,2163,54,1206
1573008883,500,41,33.89946,-118.19260,2163,53,1206
1573008889,500,358,33.90070,-118.19226,2163,48,1206
1573008896,500,315,33.90189,-118.19288,2163,48,1206
1573008904,500,266,33.90262,-118.19518,2163,52,1206
1573008910,500,233,33.90193,-118.19692,2163,54,1206
1573008917,500,194,33.90037,-118.19798,2163,59,1206
1573008923,500,150,33.89901,-118.19762,2163,60,1206
1573008929,500,108,33.89822,-118.19601,2163,59,1206
1573008938,500,42,33.89905,-118.19333,2163,56,1206
1573008946,500,346,33.90125,-118.19271,2163,56,1206
1573008952,500,301,33.90237,-118.19383,2163,56,1206
1573008958,500,251,33.90241,-118.19572,2163,56,1206
1573008967,500,189,33.90051,-118.19721,2163,62,1206
1573008974,500,139,33.89897,-118.19641,2163,61,1206
1573008980,500,87,33.89841,-118.19424,2163,60,1206
1573008989,500,15,33.89992,-118.19237,2163,56,1206
1573008996,400,308,33.90167,-118.19321,2163,53,1206
1573009003,400,259,33.90176,-118.19533,2163,53,1206
1573009009,400,241,33.90074,-118.19635,2163,54,1206
1573009015,400,150,33.89941,-118.19607,2163,57,1206
1573009021,400,86,33.89868,-118.19411,2163,58,1206
1573009027,400,42,33.89941,-118.19266,2163,53,1206
1573009033,400,356,33.90083,-118.19229,2163,52,1206
1573009042,400,281,33.90221,-118.19411,2163,51,1206
1573009048,400,251,33.90184,-118.19574,2163,55,1206
1573009058,400,158,33.89952,-118.19658,2163,59,1206
1573009066,400,93,33.89836,-118.19428,2163,61,1206
1573009074,400,45,33.89923,-118.19254,2163,57,1206
1573009082,400,330,33.90125,-118.19298,2163,56,1206
1573009088,400,274,33.90207,-118.19479,2163,53,1206
1573009108,400,79,33.89923,-118.19445,2163,55,1206
1573009115,400,8,33.90042,-118.19333,2163,51,1206
1573009121,400,309,33.90167,-118.19395,2163,48,1206
1573009129,400,254,33.90175,-118.19591,2163,48,1206
1573009135,400,190,33.90055,-118.19698,2163,51,1206
1573009144,400,101,33.89878,-118.19533,2163,59,1206
1573009151,400,58,33.89939,-118.19350,2163,55,1206
1573009157,400,348,33.90074,-118.19315,2163,51,1206
1573009163,400,304,33.90170,-118.19440,2163,52,1206
1573009169,400,250,33.90166,-118.19585,2163,51,1206
1573009175,400,196,33.90055,-118.19698,2163,54,1206
1573009184,400,106,33.89869,-118.19556,2163,55,1206
1573009190,400,63,33.89919,-118.19383,2163,52,1206
1573009199,400,331,33.90129,-118.19361,2163,51,1206
1573009206,400,280,33.90202,-118.19495,2163,50,1206
1573009217,400,190,33.90019,-118.19714,2163,56,1206
1573009226,500,128,33.89846,-118.19538,2163,58,1206
1573009232,500,60,33.89878,-118.19344,2163,60,1206
1573009238,500,34,33.90018,-118.19252,2163,61,1206
1573009244,500,327,33.90143,-118.19293,2163,59,1206
1573009251,500,283,33.90246,-118.19498,2163,59,1206
1573009257,500,236,33.90204,-118.19693,2163,62,1206
1573009265,400,182,33.89978,-118.19798,2163,62,1206
1573009274,500,134,33.89813,-118.19618,2163,60,1206
1573009280,500,63,33.89845,-118.19389,2163,61,1206
1573009288,500,40,33.90006,-118.19288,2163,58,1206
1573009296,400,303,33.90179,-118.19405,2163,54,1206
1573009308,400,202,33.90074,-118.19697,2163,57,1206
1573009314,400,149,33.89923,-118.19663,2163,60,1206
1573009322,500,86,33.89817,-118.19378,2163,65,1206
1573009328,500,63,33.89883,-118.19154,2163,73,1206
1573009334,600,56,33.89990,-118.18938,2163,78,1206
1573009341,600,56,33.90115,-118.18726,2163,76,1206
1573009347,700,61,33.90221,-118.18504,2163,81,1206
1573009358,700,67,33.90445,-118.17960,2163,93,1206
1573009364,700,68,33.90535,-118.17690,2163,96,1206
1573009370,700,71,33.90632,-118.17358,2163,98,1206
1573009380,700,78,33.90734,-118.16878,2163,99,1206
1573009386,700,81,33.90784,-118.16547,2163,98,1206
1573009395,600,105,33.90761,-118.16071,2163,94,1206
1573009403,600,138,33.90546,-118.15723,2163,91,1206
1573009409,600,148,33.90321,-118.15533,2163,94,1206
1573009416,700,155,33.90087,-118.15384,2163,97,1206
1573009422,700,160,33.89817,-118.15263,2163,100,1206
1573009430,700,175,33.89397,-118.15168,2163,106,1206
1573009437,700,177,33.89104,-118.15151,2163,106,1206
1573009443,700,177,33.88806,-118.15140,2163,108,1206
1573009450,700,178,33.88500,-118.15126,2163,109,1206
1573009458,700,178,33.88069,-118.15112,2163,109,1206
1573009478,700,180,33.86992,-118.15115,2163,110,1206
1573009484,700,178,33.86685,-118.15109,2163,109,1206
1573009490,700,178,33.86389,-118.15101,2163,109,1206
1573009496,700,180,33.86069,-118.15095,2163,110,1206
1573009502,700,181,33.85772,-118.15098,2163,109,1206
1573009509,700,179,33.85446,-118.15103,2163,110,1206
1573009520,600,178,33.84860,-118.15089,2163,108,1206
1573009527,600,179,33.84543,-118.15086,2163,105,1206
1573009534,500,179,33.84245,-118.15080,2163,105,1206
1573009545,500,180,33.83670,-118.15079,2163,104,1206
1573009551,400,180,33.83398,-118.15080,2163,103,1206
1573009557,400,179,33.83134,-118.15079,2163,99,1206
1573009563,400,180,33.82840,-118.15075,2163,97,1206
1573009569,400,180,33.82602,-118.15080,2163,94,1206
1573009576,400,153,33.82299,-118.14972,2163,88,1206
1573009583,300,95,33.82196,-118.14652,2163,87,1206
1573009590,200,91,33.82192,-118.14348,2163,86,1206
1573009601,200,103,33.82150,-118.13885,2163,68,1206
1573009610,200,167,33.81969,-118.13730,2163,51,1206
1573009623,100,203,33.81782,-118.13862,2163,42,1206
