snapshot_id,altitude,heading,latitude,longitude,radar_id,speed,squawk
1570888810,1700,239,34.03532,-117.84810,3589,118,0000
1570888821,1800,237,34.03183,-117.85469,3589,117,0000
1570888828,1800,237,34.02992,-117.85819,3589,120,0000
1570888838,1800,237,34.02667,-117.86430,3589,121,0000
1570888845,1800,238,34.02452,-117.86836,3589,121,0000
1570888855,1800,238,34.02191,-117.87352,3589,122,1200
1570888866,1800,239,34.01866,-117.88010,3589,121,1200
1570888876,1800,241,34.01595,-117.88605,3589,120,1200
1570888882,1800,241,34.01436,-117.88958,3589,121,1200
1570888895,1800,241,34.01111,-117.89674,3589,121,1200
1570888912,1800,240,34.00627,-117.90733,3589,121,1200
1570888918,1800,240,34.00450,-117.91111,3589,122,1200
1570888927,1800,241,34.00209,-117.91631,3589,123,1200
1570888942,1800,240,33.99788,-117.92540,3589,123,1200
1570888955,1900,240,33.99445,-117.93269,3589,123,1200
1570888965,1900,239,33.99123,-117.93938,3589,122,1200
1570888975,1900,240,33.98849,-117.94510,3589,123,1200
1570888982,1900,240,33.98680,-117.94872,3589,123,1200
1570888991,1900,239,33.98433,-117.95376,3589,123,1200
1570888997,1900,239,33.98244,-117.95763,3589,123,1200
1570889008,1900,238,33.97890,-117.96449,3589,123,1200
1570889015,1900,237,33.97705,-117.96806,3589,124,1200
1570889029,1800,236,33.97229,-117.97685,3589,125,1200
1570889041,1700,235,33.96856,-117.98355,3589,128,1200
1570889047,1700,235,33.96642,-117.98727,3589,127,1200
1570889053,1700,233,33.96428,-117.99092,3589,126,1200
1570889065,1600,230,33.95995,-117.99751,3589,126,1200
1570889071,1600,230,33.95769,-118.00079,3589,126,1200
1570889078,1600,229,33.95548,-118.00381,3589,125,1200
1570889132,1300,225,33.93379,-118.03173,3589,126,1200
1570889142,1300,224,33.92960,-118.03659,3589,125,1200
1570889160,1100,224,33.92171,-118.04569,309,132,1200
1570889166,1100,224,33.91896,-118.04888,309,132,1200
1570889172,1100,224,33.91640,-118.05191,309,133,1200
1570889192,1000,222,33.90720,-118.06239,2958,131,1200
1570889199,900,221,33.90442,-118.06532,2958,130,1200
1570889205,900,220,33.90171,-118.06818,2958,129,1200
1570889216,900,219,33.89630,-118.07360,2958,127,1200
1570889222,900,219,33.89352,-118.07631,2958,126,1200
1570889228,800,220,33.89122,-118.07864,2958,127,1200
1570889238,800,219,33.88682,-118.08318,2958,126,1200
1570889249,800,220,33.88211,-118.08789,2958,125,1200
1570889266,800,218,33.87378,-118.09605,2958,122,1200
1570889274,800,217,33.87062,-118.09899,2958,121,1200
1570889280,800,216,33.86796,-118.10136,2958,120,1200
1570889291,800,214,33.86275,-118.10583,2958,120,1200
1570889297,800,214,33.85995,-118.10813,2958,121,1200
1570889303,800,216,33.85721,-118.11053,2958,122,1200
1570889309,800,215,33.85437,-118.11298,2958,123,1200
1570889315,700,214,33.85130,-118.11556,2958,123,1200
1570889321,700,213,33.84897,-118.11743,2958,122,1200
1570889333,600,212,33.84270,-118.12237,2958,125,1200
1570889339,600,211,33.83972,-118.12461,2958,125,1200
1570889346,600,210,33.83675,-118.12674,2958,124,1200
1570889352,600,211,33.83412,-118.12866,2958,124,1200
1570889358,500,216,33.83093,-118.13123,2958,120,1200
1570889369,400,214,33.82593,-118.13582,2958,107,1200
1570889376,300,200,33.82379,-118.13711,2958,93,1200
1570889383,300,186,33.82068,-118.13778,2958,76,1200
1570889389,200,192,33.81885,-118.13816,2958,62,1200
1570889815,200,203,33.81569,-118.14154,3021,52,1200
1570889821,200,264,33.81482,-118.14322,3021,67,1200
1570889842,400,321,33.82034,-118.15035,3021,96,1200
1570889848,500,320,33.82234,-118.15235,3021,99,1200
1570889855,500,319,33.82471,-118.15466,3021,105,1200
1570889865,600,320,33.82853,-118.15842,3021,107,1200
1570889874,600,321,33.83185,-118.16166,3021,109,1200
1570889885,700,321,33.83649,-118.16603,3021,112,1200
1570889891,700,320,33.83917,-118.16861,3021,113,1200
1570889903,800,319,33.84408,-118.17352,3021,114,1200
1570889909,800,317,33.84632,-118.17598,3021,115,1200
1570889915,900,318,33.84888,-118.17873,3021,116,1200
1570889921,900,317,33.85126,-118.18134,3021,118,1200
1570889927,900,316,33.85355,-118.18391,3021,120,1200
1570889934,800,314,33.85616,-118.18705,3021,122,1200
1570889945,800,310,33.86082,-118.19327,3021,123,1200
1570889952,800,308,33.86298,-118.19630,3021,124,1200
1570889966,800,307,33.86820,-118.20443,3021,122,1200
1570889972,800,306,33.87030,-118.20779,3021,121,1200
1570889978,800,305,33.87218,-118.21093,3021,121,1200
1570889984,800,305,33.87415,-118.21429,3021,122,1200
1570889990,800,305,33.87620,-118.21771,3021,123,1200
1570890002,800,305,33.88023,-118.22443,3021,123,1200
1570890008,800,305,33.88211,-118.22769,3021,123,1200
1570890014,800,306,33.88421,-118.23109,3021,123,1200
1570890020,800,307,33.88635,-118.23452,3021,124,1200
1570890026,800,308,33.88845,-118.23767,3021,125,1200
1570890033,800,308,33.89059,-118.24093,3021,125,1200
1570890045,700,308,33.89497,-118.24753,3021,123,1200
1570890051,700,309,33.89720,-118.25077,3021,123,1200
1570890062,700,309,33.90157,-118.25706,3021,124,1200
1570890068,700,310,33.90372,-118.26015,3021,124,1200
1570890074,600,309,33.90590,-118.26331,3021,123,1200
1570890081,600,309,33.90818,-118.26662,3021,122,1200
1570890093,600,311,33.91251,-118.27293,3021,121,1200
1570890104,600,313,33.91712,-118.27881,3021,117,1200
1570890111,600,313,33.91927,-118.28162,3021,111,1200
1570890117,600,312,33.92130,-118.28419,3021,106,1200
1570890123,600,312,33.92327,-118.28676,3021,99,1200
1570890135,500,308,33.92648,-118.29117,3021,77,1200
1570890144,400,294,33.92783,-118.29391,3021,58,1200
1570890150,400,279,33.92820,-118.29558,3021,47,1200
1570890159,300,275,33.92839,-118.29758,3021,34,1200
1570890167,300,283,33.92853,-118.29872,3021,17,1200
1570890173,300,303,33.92862,-118.29899,3021,3,1200
1570890719,0,118,33.92868,-118.29900,41462,0,1200
1570890898,0,42,33.92869,-118.29900,41462,0,1200
1570890939,0,223,33.92868,-118.29901,41462,0,1200
1570891822,300,113,33.92853,-118.29877,3021,15,1200
1570891828,400,96,33.92839,-118.29765,3021,46,1200
1570891835,400,98,33.92820,-118.29575,3021,64,1200
1570891841,500,90,33.92807,-118.29327,3021,76,1200
1570891849,600,89,33.92811,-118.28899,3021,89,1200
1570891858,700,91,33.92806,-118.28424,3021,96,1200
1570891864,700,95,33.92788,-118.28093,3021,100,1200
1570891870,700,95,33.92757,-118.27769,3021,103,1200
1570891876,700,94,33.92732,-118.27400,3021,106,1200
1570891883,700,94,33.92711,-118.27052,3021,107,1200
1570891894,700,95,33.92657,-118.26318,3021,110,1200
1570891900,700,94,33.92633,-118.25942,3021,111,1200
1570891907,700,95,33.92606,-118.25575,3021,112,1200
1570891919,700,102,33.92490,-118.24820,3021,115,1200
1570891925,600,101,33.92422,-118.24439,3021,111,1200
1570891937,600,90,33.92363,-118.23722,3021,102,1200
1570891946,600,79,33.92401,-118.23241,3021,94,1200
1570891955,600,65,33.92514,-118.22813,3021,86,1200
1570891961,600,50,33.92643,-118.22588,3021,83,1200
1570891970,600,24,33.92903,-118.22371,3021,78,1200
1570891976,600,11,33.93132,-118.22285,3021,77,1200
1570891982,600,7,33.93347,-118.22253,3021,76,1200
1570891988,600,2,33.93558,-118.22242,3021,75,1200
1570892000,600,356,33.93975,-118.22250,3021,75,1200
1570892006,600,356,33.94185,-118.22270,3021,75,1200
1570892013,600,355,33.94398,-118.22285,3021,76,1200
1570892023,700,357,33.94817,-118.22326,3021,75,1200
1570892043,700,43,33.95376,-118.22028,3021,76,1200
1570892051,700,47,33.95590,-118.21741,3021,75,1200
1570892057,700,41,33.95744,-118.21570,3021,75,1200
1570892068,700,34,33.96041,-118.21341,3021,75,1200
1570892090,700,25,33.96805,-118.21117,3021,74,1200
1570892096,700,6,33.97009,-118.21088,3021,75,1200
1570892103,700,6,33.97266,-118.21054,3021,76,1200
1570892110,700,7,33.97480,-118.21021,3021,77,1200
1570892118,700,5,33.97750,-118.20985,3021,77,1200
1570892129,800,4,33.98179,-118.20940,3021,78,1200
1570892141,800,4,33.98607,-118.20894,3021,76,1200
1570892147,800,6,33.98826,-118.20871,3021,75,1200
1570892157,800,8,33.99165,-118.20792,3021,75,1200
1570892168,800,15,33.99496,-118.20631,3021,76,1200
1570892192,800,41,34.00245,-118.20024,3021,77,1200
1570892199,800,45,34.00401,-118.19849,3021,78,1200
1570892211,800,55,34.00687,-118.19429,3021,79,1200
1570892219,800,63,34.00832,-118.19125,3021,80,1200
1570892225,800,68,34.00939,-118.18834,3021,83,1200
1570892231,800,76,34.01009,-118.18572,3021,83,1200
1570892237,800,84,34.01042,-118.18301,3021,83,1200
1570892262,800,125,34.00827,-118.17232,3021,82,1200
1570892271,800,146,34.00567,-118.16940,3021,87,1200
1570892279,800,165,34.00217,-118.16780,3021,90,1200
1570892286,800,172,33.99962,-118.16727,3021,91,1200
1570892292,800,178,33.99706,-118.16710,3021,92,1200
1570892301,800,184,33.99326,-118.16727,3021,91,1200
1570892309,800,184,33.98941,-118.16760,3021,92,1200
1570892315,800,185,33.98676,-118.16791,3021,93,1200
1570892322,800,188,33.98442,-118.16827,3021,92,1200
1570892328,800,187,33.98164,-118.16878,3021,92,1200
1570892334,800,189,33.97911,-118.16923,3021,93,1200
1570892346,800,189,33.97391,-118.17026,3021,93,1200
1570892352,800,188,33.97145,-118.17072,3021,93,1200
1570892358,800,188,33.96912,-118.17117,3021,93,1200
1570892370,800,188,33.96377,-118.17215,3021,94,1200
1570892382,800,187,33.95860,-118.17298,3021,94,1200
1570892394,700,184,33.95325,-118.17360,3021,94,1200
1570892405,700,183,33.94839,-118.17388,3021,96,1200
1570892412,700,183,33.94542,-118.17410,3021,95,1200
1570892418,700,187,33.94249,-118.17449,3021,95,1200
1570892424,700,187,33.93984,-118.17489,3021,95,1200
1570892436,700,193,33.93471,-118.17595,3021,95,1200
1570892442,700,197,33.93205,-118.17690,3021,96,1200
1570892450,700,195,33.92839,-118.17821,3021,94,1200
1570892457,700,197,33.92574,-118.17909,3021,94,1200
1570892463,700,202,33.92331,-118.18021,3021,94,1200
1570892469,700,208,33.92094,-118.18165,3021,93,1200
1570892475,700,210,33.91866,-118.18320,3021,93,1200
1570892482,700,208,33.91638,-118.18474,3021,94,1200
1570892489,700,205,33.91298,-118.18680,3021,95,1200
1570892505,700,206,33.90683,-118.19023,3021,94,1200
1570892512,700,210,33.90445,-118.19182,3021,95,1200
1570892520,700,221,33.90153,-118.19452,3021,94,1200
1570892526,700,231,33.89957,-118.19710,3021,94,1200
1570892532,700,242,33.89827,-118.19971,3021,93,1200
1570892538,700,250,33.89735,-118.20241,3021,92,1200
1570892544,700,263,33.89687,-118.20545,3021,90,1200
1570892568,700,297,33.89892,-118.21701,3021,87,1200
1570892577,700,309,33.90092,-118.22061,3021,85,1200
1570892586,700,322,33.90353,-118.22353,3021,84,1200
1570892592,700,329,33.90544,-118.22508,3021,83,1200
1570892601,700,340,33.90860,-118.22674,3021,81,1200
1570892607,700,349,33.91084,-118.22737,3021,83,1200
1570892622,600,356,33.91675,-118.22771,3021,82,1200
1570892628,600,345,33.91889,-118.22829,3021,81,1200
1570892634,600,325,33.92093,-118.22954,3021,82,1200
1570892641,600,307,33.92257,-118.23154,3021,83,1200
1570892649,600,281,33.92392,-118.23532,3021,85,1200
1570892655,600,264,33.92392,-118.23807,3021,87,1200
1570892661,600,241,33.92308,-118.24104,3021,89,1200
1570892668,600,223,33.92152,-118.24316,3021,89,1200
1570892674,600,209,33.91946,-118.24478,3021,88,1200
1570892681,600,201,33.91626,-118.24635,3021,85,1200
1570892688,600,199,33.91382,-118.24739,3021,85,1200
1570892694,600,199,33.91154,-118.24837,3021,85,1200
1570892702,600,195,33.90848,-118.24955,3021,85,1200
1570892709,600,189,33.90595,-118.25020,3021,83,1200
1570892715,600,180,33.90362,-118.25034,3021,81,1200
1570892721,700,172,33.90157,-118.25014,3021,79,1200
1570892727,700,168,33.89919,-118.24960,3021,78,1200
1570892733,700,164,33.89713,-118.24899,3021,77,1200
1570892740,700,162,33.89502,-118.24821,3021,80,1200
1570892746,700,162,33.89282,-118.24742,3021,81,1200
1570892754,700,169,33.88948,-118.24641,3021,81,1200
1570892764,700,178,33.88607,-118.24602,3021,81,1200
1570892770,700,185,33.88385,-118.24613,3021,81,1200
1570892778,700,197,33.88044,-118.24706,3021,82,1200
1570892785,700,206,33.87830,-118.24814,3021,84,1200
1570892791,700,215,33.87639,-118.24960,3021,83,1200
1570892797,700,224,33.87465,-118.25146,3021,84,1200
1570892805,700,238,33.87252,-118.25489,3021,84,1200
1570892812,700,242,33.87141,-118.25729,3021,85,1200
1570892818,700,245,33.87039,-118.25992,3021,85,1200
1570892827,700,238,33.86870,-118.26384,3021,87,1200
1570892838,700,232,33.86595,-118.26849,3021,86,1200
1570892844,700,229,33.86447,-118.27063,3021,87,1200
1570892850,700,225,33.86279,-118.27281,3021,88,1200
1570892856,600,221,33.86089,-118.27492,3021,88,1200
1570892862,600,217,33.85898,-118.27681,3021,88,1200
1570892869,600,215,33.85693,-118.27858,3021,87,1200
1570892877,600,208,33.85390,-118.28087,3021,86,1200
1570892883,600,195,33.85171,-118.28184,3021,86,1200
1570892890,700,182,33.84938,-118.28217,3021,83,1200
1570892898,700,150,33.84613,-118.28100,3021,77,1200
1570892905,600,137,33.84446,-118.27933,3021,77,1200
1570892914,600,132,33.84215,-118.27645,3021,79,1200
1570892921,600,129,33.84064,-118.27444,3021,80,1200
1570892929,600,123,33.83868,-118.27119,3021,80,1200
1570892935,600,122,33.83747,-118.26897,3021,80,1200
1570892941,600,121,33.83633,-118.26675,3021,82,1200
1570892947,600,121,33.83505,-118.26424,3021,83,1200
1570892953,600,122,33.83379,-118.26187,3021,83,1200
1570892959,600,129,33.83249,-118.25970,3021,81,1200
1570892966,600,141,33.83052,-118.25757,3021,82,1200
1570892972,600,142,33.82900,-118.25609,3021,81,1200
1570892981,600,139,33.82639,-118.25363,3021,78,1200
1570892990,600,119,33.82434,-118.25061,3021,77,1200
1570892997,600,101,33.82347,-118.24736,3021,77,1200
1570893003,500,92,33.82324,-118.24451,3021,77,1200
1570893013,500,25,33.82453,-118.24173,3021,60,1200
1570893021,500,316,33.82653,-118.24248,3021,61,1200
1570893028,500,255,33.82686,-118.24484,3021,64,1200
1570893037,500,174,33.82498,-118.24613,3021,53,1200
1570893043,500,129,33.82379,-118.24518,3021,50,1200
1570893050,600,72,33.82361,-118.24339,3021,46,1200
1570893058,600,56,33.82494,-118.24232,3021,45,1200
1570893065,600,321,33.82626,-118.24294,3021,54,1200
1570893071,600,304,33.82727,-118.24456,3021,61,1200
1570893079,500,309,33.82872,-118.24683,3021,71,1200
1570893085,500,315,33.83038,-118.24888,3021,72,1200
1570893097,500,318,33.83354,-118.25246,3021,76,1200
1570893103,500,320,33.83524,-118.25415,3021,77,1200
1570893109,500,321,33.83675,-118.25560,3021,76,1200
1570893116,600,317,33.83850,-118.25741,3021,76,1200
1570893126,600,315,33.84123,-118.26070,3021,77,1200
1570893132,600,317,33.84274,-118.26233,3021,78,1200
1570893140,600,329,33.84497,-118.26422,3021,77,1200
1570893146,600,335,33.84691,-118.26530,3021,75,1200
1570893156,600,313,33.84993,-118.26788,3021,79,1200
1570893163,600,307,33.85158,-118.27040,3021,80,1200
1570893172,500,323,33.85395,-118.27320,3021,79,1200
1570893178,500,338,33.85581,-118.27434,3021,77,1200
1570893184,500,350,33.85808,-118.27499,3021,74,1200
1570893209,600,36,33.86591,-118.27231,2958,70,1200
1570893216,600,43,33.86736,-118.27074,2958,70,1200
1570893225,600,55,33.86920,-118.26799,2958,69,1200
1570893231,600,62,33.87016,-118.26598,2958,68,1200
1570893237,600,66,33.87094,-118.26393,2958,68,1200
1570893244,600,66,33.87172,-118.26183,2958,68,1200
1570893252,600,70,33.87276,-118.25855,2958,71,1200
1570893258,600,75,33.87332,-118.25633,2958,72,1200
1570893265,600,80,33.87374,-118.25380,2958,72,1200
1570893273,700,79,33.87429,-118.25026,2958,74,1200
1570893285,700,77,33.87518,-118.24522,2958,76,1200
1570893291,600,80,33.87557,-118.24271,2958,78,1200
1570893297,600,86,33.87579,-118.24013,2958,79,1200
1570893303,600,87,33.87592,-118.23738,2958,81,1200
1570893310,600,85,33.87602,-118.23458,2958,82,1200
1570893320,600,81,33.87653,-118.22942,2958,80,1200
1570893327,600,79,33.87694,-118.22668,2958,81,1200
1570893333,600,77,33.87744,-118.22393,2958,81,1200
1570893343,600,74,33.87825,-118.22005,2958,80,1200
1570893351,600,66,33.87941,-118.21644,2958,78,1200
1570893358,600,59,33.88044,-118.21415,2958,77,1200
1570893366,600,56,33.88221,-118.21077,2958,75,1200
1570893372,600,53,33.88342,-118.20871,2958,75,1200
1570893379,600,52,33.88472,-118.20667,2958,74,1200
1570893387,600,49,33.88658,-118.20385,2958,74,1200
1570893400,700,46,33.88948,-118.20006,2958,75,1200
1570893410,700,43,33.89217,-118.19675,2958,76,1200
1570893417,700,38,33.89406,-118.19484,2958,76,1200
1570893423,700,32,33.89575,-118.19344,2958,78,1200
1570893430,600,24,33.89776,-118.19229,2958,77,1200
1570893436,600,13,33.89994,-118.19144,2958,78,1200
1570893444,600,4,33.90306,-118.19109,2958,79,1200
1570893451,600,348,33.90532,-118.19137,2958,78,1200
1570893460,600,332,33.90846,-118.19275,2958,80,1200
1570893467,600,317,33.91072,-118.19479,2958,82,1200
1570893474,600,302,33.91242,-118.19739,2958,84,1200
1570893481,600,295,33.91342,-118.19983,2958,84,1200
1570893489,600,289,33.91475,-118.20390,2958,81,1200
1570893495,600,289,33.91545,-118.20625,2958,82,1200
1570893501,600,288,33.91631,-118.20919,2958,83,1200
1570893507,600,287,33.91699,-118.21165,2958,82,1200
1570893520,600,286,33.91832,-118.21709,2958,84,1200
1570893526,600,288,33.91910,-118.21989,2958,85,1200
1570893534,600,303,33.92057,-118.22353,2958,82,1200
1570893541,600,320,33.92224,-118.22565,2958,81,1200
1570893547,500,338,33.92415,-118.22691,2958,80,1200
1570893553,500,359,33.92642,-118.22729,2958,80,1200
1570893574,600,48,33.93247,-118.22298,2958,70,1200
1570893585,600,50,33.93495,-118.21924,2958,69,1200
1570893591,600,48,33.93617,-118.21760,2958,69,1200
1570893597,600,44,33.93742,-118.21598,2958,70,1200
1570893604,700,41,33.93901,-118.21418,2958,70,1200
1570893613,700,33,33.94139,-118.21205,2958,70,1200
1570893622,700,24,33.94395,-118.21036,2958,71,1200
1570893631,700,14,33.94687,-118.20917,2958,73,1200
1570893639,700,2,33.94980,-118.20871,2958,72,1200
1570893645,700,351,33.95174,-118.20891,2958,72,1200
1570893653,700,345,33.95390,-118.20952,2958,73,1200
1570893660,700,340,33.95682,-118.21065,2958,74,1200
1570893667,700,329,33.95869,-118.21160,2958,68,1200
1570893676,800,243,33.95925,-118.21449,2958,67,1200
1570893685,700,163,33.95650,-118.21519,2958,79,1200
1570893694,700,123,33.95390,-118.21243,2958,82,1200
1570893700,700,102,33.95320,-118.21008,2958,79,1200
1570893709,700,64,33.95371,-118.20637,2958,75,1200
1570893718,700,48,33.95576,-118.20345,2958,73,1200
1570893727,700,68,33.95728,-118.20023,2958,75,1200
1570893735,700,82,33.95800,-118.19653,2958,77,1200
1570893742,700,85,33.95818,-118.19373,2958,78,1200
1570893751,700,78,33.95865,-118.18977,2958,77,1200
1570893759,800,69,33.95939,-118.18668,2958,76,1200
1570893766,800,61,33.96051,-118.18388,2958,76,1200
1570893772,800,52,33.96172,-118.18182,2958,77,1200
1570893781,800,41,33.96395,-118.17908,2958,75,1200
1570893787,800,32,33.96570,-118.17752,2958,77,1200
1570893793,800,27,33.96763,-118.17621,2958,78,1200
1570893799,800,21,33.96954,-118.17524,2958,78,1200
1570893809,800,14,33.97270,-118.17405,2958,77,1200
1570893817,800,10,33.97600,-118.17315,2958,79,1200
1570893823,800,10,33.97820,-118.17267,2958,80,1200
1570893829,800,10,33.98011,-118.17226,2958,80,1200
1570893835,800,8,33.98253,-118.17175,2958,79,1200
1570893841,800,7,33.98481,-118.17140,2958,79,1200
1570893847,800,7,33.98676,-118.17107,2958,79,1200
1570893853,800,7,33.98909,-118.17072,2958,79,1200
1570893859,800,8,33.99137,-118.17032,2958,78,1200
1570893871,800,7,33.99550,-118.16968,2958,78,1200
1570893877,800,7,33.99770,-118.16933,2958,79,1200
1570893889,800,5,34.00227,-118.16872,2958,80,1200
1570893901,900,6,34.00669,-118.16826,2958,77,1200
1570893907,900,5,34.00879,-118.16797,2958,75,1200
1570893913,900,6,34.01093,-118.16771,2958,76,1200
1570893922,900,6,34.01390,-118.16737,2958,77,1200
1570893928,900,5,34.01628,-118.16710,2958,78,1200
1570893941,900,7,34.02058,-118.16653,2958,79,1200
1570893953,900,8,34.02489,-118.16585,2958,77,1200
1570893964,1000,6,34.02933,-118.16519,2958,76,1200
1570893970,1000,6,34.03139,-118.16491,2958,76,1200
1570893977,1000,8,34.03336,-118.16457,2958,77,1200
1570893983,1000,7,34.03565,-118.16420,2958,77,1200
1570893995,1000,5,34.04004,-118.16351,2958,79,1200
1570894001,1000,5,34.04225,-118.16322,2958,81,1200
1570894013,1000,359,34.04672,-118.16293,2958,80,1200
1570894020,900,345,34.04956,-118.16351,2958,78,1200
1570894028,900,327,34.05190,-118.16479,2958,76,1200
1570894039,1000,262,34.05350,-118.16866,2958,72,1200
1570894046,1000,213,34.05212,-118.17079,2958,73,1200
1570894057,900,128,34.04891,-118.16963,2958,66,1200
1570894064,900,85,34.04874,-118.16743,2958,61,1200
1570894086,900,140,34.04539,-118.16076,2958,71,1200
1570894095,900,161,34.04263,-118.15910,2958,74,1200
1570894121,800,161,34.03272,-118.15953,2958,79,1200
1570894129,800,146,34.03020,-118.15773,2958,77,1200
1570894136,800,145,34.02800,-118.15595,2958,76,1200
1570894157,800,146,34.02196,-118.15109,2958,75,1200
1570894170,800,146,34.01847,-118.14841,2958,71,1200
1570894179,800,146,34.01550,-118.14602,2958,73,1200
1570894187,800,145,34.01340,-118.14428,2958,74,1200
1570894196,800,145,34.01079,-118.14215,1451,74,1200
1570894202,800,145,34.00914,-118.14081,1451,74,1200
1570894208,800,144,34.00735,-118.13929,1451,74,1200
1570894215,800,145,34.00552,-118.13778,1451,73,1200
1570894226,800,143,34.00241,-118.13513,1451,73,1200
1570894239,800,142,33.99910,-118.13216,1451,72,1200
1570894250,800,140,33.99596,-118.12915,1451,70,1200
1570894256,800,137,33.99445,-118.12758,1451,70,1200
1570894262,800,136,33.99298,-118.12595,1451,70,1200
1570894268,800,134,33.99156,-118.12421,1451,70,1200
1570894275,800,133,33.99021,-118.12254,1451,70,1200
1570894281,800,132,33.98891,-118.12082,1451,69,1200
1570894292,800,130,33.98635,-118.11728,1451,70,1200
1570894299,800,137,33.98492,-118.11558,1451,70,1200
1570894307,800,148,33.98254,-118.11346,1451,74,1200
1570894314,800,155,33.98071,-118.11235,1451,75,1200
1570894322,800,171,33.97755,-118.11132,1451,76,1200
1570894328,800,181,33.97541,-118.11121,1451,78,1200
1570894334,800,187,33.97345,-118.11150,1451,77,1200
1570894343,800,206,33.97069,-118.11272,1451,78,1200
1570894350,800,221,33.96831,-118.11475,1451,87,1200
1570894358,700,223,33.96544,-118.11797,1451,99,1200
1570894365,700,222,33.96339,-118.12031,1451,101,1200
1570894377,800,212,33.95906,-118.12427,1451,94,1200
1570894385,800,189,33.95549,-118.12595,1451,88,1200
1570894391,900,177,33.95348,-118.12592,1451,89,1200
1570894397,900,151,33.95073,-118.12466,1451,91,1200
1570894403,900,133,33.94881,-118.12281,1451,89,1200
1570894409,1000,116,33.94752,-118.12035,1451,86,1200
1570894415,1000,101,33.94684,-118.11783,1451,84,1200
1570894425,1000,83,33.94688,-118.11323,1451,87,1200
1570894431,1000,79,33.94729,-118.11035,1451,85,1200
1570894437,1000,78,33.94771,-118.10774,1451,84,1200
1570894443,1000,77,33.94821,-118.10516,1451,85,1200
1570894449,1000,76,33.94885,-118.10202,1451,88,1200
1570894457,900,75,33.94971,-118.09759,1451,89,1200
1570894469,900,76,33.95082,-118.09187,1451,88,1200
1570894475,900,76,33.95129,-118.08958,1451,84,1200
1570894484,900,75,33.95219,-118.08548,1451,81,1200
1570894512,600,173,33.94217,-118.07934,1451,118,1200
1570894523,600,175,33.93621,-118.07870,2120,119,1200
1570894536,600,173,33.92844,-118.07791,2120,121,1200
1570894546,600,173,33.92280,-118.07705,2120,121,1200
1570894556,500,175,33.91727,-118.07629,2120,103,1200
1570894565,500,154,33.91411,-118.07578,2120,75,1200
1570894571,500,63,33.91351,-118.07410,2120,49,1200
1570894579,500,308,33.91545,-118.07436,2120,59,1200
1570894588,500,200,33.91484,-118.07623,2120,45,1200
1570894594,500,131,33.91379,-118.07568,2120,45,1200
1570894603,500,17,33.91437,-118.07390,2120,43,1200
1570894609,500,300,33.91545,-118.07458,2120,48,1200
1570894615,500,244,33.91530,-118.07612,2120,49,1200
1570894621,600,169,33.91397,-118.07640,2120,47,1200
1570894628,600,99,33.91328,-118.07523,2120,48,1200
1570894637,600,1,33.91466,-118.07382,2120,55,1200
1570894646,600,242,33.91544,-118.07601,2120,54,1200
1570894654,500,149,33.91370,-118.07618,2120,48,1200
1570894661,500,72,33.91330,-118.07453,2120,43,1200
1570894667,500,7,33.91442,-118.07379,2120,48,1200
1570894674,500,280,33.91549,-118.07481,2120,47,1200
1570894680,500,194,33.91479,-118.07595,2120,47,1200
1570894688,500,114,33.91349,-118.07504,2120,46,1200
1570894696,500,18,33.91457,-118.07365,2120,47,1200
1570894704,600,271,33.91563,-118.07522,2120,52,1200
1570894710,500,188,33.91456,-118.07619,2120,51,1200
1570894720,500,82,33.91335,-118.07436,2120,45,1200
1570894730,600,344,33.91498,-118.07350,2120,48,1200
1570894739,600,264,33.91585,-118.07556,2120,53,1200
1570894745,600,200,33.91493,-118.07674,2120,49,1200
1570894751,600,151,33.91359,-118.07654,2120,45,1200
1570894757,600,110,33.91284,-118.07539,2120,44,1200
1570894767,600,38,33.91347,-118.07349,2120,46,1200
1570894775,600,335,33.91534,-118.07332,2120,52,1200
1570894781,600,276,33.91612,-118.07489,2120,55,1200
1570894787,600,223,33.91545,-118.07642,2120,55,1200
1570894793,600,175,33.91406,-118.07680,2120,50,1200
1570894800,600,127,33.91302,-118.07579,2120,46,1200
1570894808,500,48,33.91342,-118.07377,2120,46,1200
1570894817,500,18,33.91554,-118.07282,2120,53,1200
1570894823,500,28,33.91685,-118.07208,2120,53,1200
1570894829,600,35,33.91800,-118.07119,2120,53,1200
1570894835,600,40,33.91924,-118.07001,2120,52,1200
1570894844,700,50,33.92071,-118.06812,2120,56,1200
1570894850,700,53,33.92178,-118.06634,2120,68,1200
1570894856,700,54,33.92299,-118.06435,2120,72,1200
1570894862,800,54,33.92427,-118.06222,2120,76,1200
1570894868,800,55,33.92532,-118.06034,2120,79,1200
1570894874,800,58,33.92667,-118.05788,2120,81,1200
1570894880,900,58,33.92783,-118.05565,2120,82,1200
1570894886,900,60,33.92903,-118.05320,2120,82,1200
1570894892,1000,59,33.93018,-118.05079,2120,83,1200
1570894898,1000,60,33.93137,-118.04838,2120,84,1200
1570894905,1000,60,33.93253,-118.04587,2120,85,1200
1570894916,1100,61,33.93485,-118.04081,2120,87,1200
1570894922,1200,61,33.93603,-118.03823,2120,87,1200
1570894928,1200,60,33.93723,-118.03562,2120,89,1200
1570894934,1200,61,33.93846,-118.03291,2120,90,1200
1570894940,1200,61,33.93961,-118.03036,2120,90,1200
1570894946,1300,60,33.94087,-118.02761,2120,90,1200
1570894952,1300,61,33.94212,-118.02495,2120,91,1200
1570894958,1400,60,33.94327,-118.02248,2120,90,1200
1570894964,1400,60,33.94463,-118.01965,2120,89,1200
1570894971,1400,60,33.94583,-118.01710,2120,89,1200
1570894983,1500,60,33.94822,-118.01187,2120,88,1200
1570894994,1600,61,33.95050,-118.00690,2120,91,1200
1570895000,1600,60,33.95190,-118.00398,2120,94,1200
1570895007,1600,60,33.95316,-118.00134,2120,94,1200
1570895019,1700,60,33.95590,-117.99574,2120,94,1200
1570895030,1700,60,33.95851,-117.99036,2120,94,1200
1570895037,1700,59,33.95979,-117.98767,2120,93,1200
1570895048,1800,58,33.96245,-117.98240,2120,92,1200
1570895055,1800,55,33.96400,-117.97960,2120,92,1200
1570895061,1800,53,33.96547,-117.97719,2120,95,1200
1570895073,1900,56,33.96849,-117.97198,2120,95,1200
1570895084,1900,59,33.97124,-117.96677,2120,92,1200
1570895090,1900,60,33.97257,-117.96398,2120,94,1200
1570895096,1900,59,33.97401,-117.96101,2120,96,1200
1570895102,1900,58,33.97522,-117.95863,2120,101,1200
1570895109,1800,59,33.97694,-117.95523,2120,103,1200
1570895120,1800,59,33.97987,-117.94928,2120,110,1200
1570895127,1800,59,33.98158,-117.94580,2120,112,1200
1570895133,1800,59,33.98309,-117.94270,2120,113,1200
1570895139,1800,61,33.98474,-117.93919,2120,115,1200
1570895145,1800,60,33.98630,-117.93578,2120,115,1200
1570895151,1900,60,33.98776,-117.93269,2120,115,1200
1570895162,1900,62,33.99088,-117.92584,2120,114,1200
1570895169,1900,61,33.99244,-117.92233,2120,115,1200
1570895181,2000,59,33.99547,-117.91592,2120,113,1200
1570895188,1900,59,33.99724,-117.91243,2120,115,1200
1570895199,1900,58,34.00059,-117.90573,2120,117,1200
1570895205,1900,57,34.00231,-117.90253,2120,118,1200
1570895211,1900,57,34.00411,-117.89911,2120,118,1200
1570895223,1900,56,34.00758,-117.89255,2120,118,1200
1570895229,1900,56,34.00948,-117.88908,2120,118,1200
1570895235,1900,56,34.01134,-117.88576,2120,118,1200
1570895241,1900,55,34.01289,-117.88302,2120,118,1200
1570895247,1900,55,34.01498,-117.87935,2120,118,1200
1570895253,2000,55,34.01688,-117.87601,2120,119,1200
1570895259,2000,55,34.01884,-117.87271,2120,119,1200
1570895265,2000,55,34.02070,-117.86945,2120,120,1200
1570895277,1900,54,34.02452,-117.86293,2120,121,1200
1570895283,1900,54,34.02657,-117.85956,2120,121,1200
1570895290,1900,53,34.02852,-117.85629,2120,120,1200
1570895301,1900,53,34.03243,-117.85005,2120,120,1200
1570895312,1900,53,34.03633,-117.84361,2120,119,1200
1570895319,1900,53,34.03844,-117.84019,2120,120,1200
1570895330,1900,54,34.04219,-117.83403,2120,123,1200
1570895342,1800,53,34.04622,-117.82742,2120,123,1200
1570895348,1800,51,34.04832,-117.82416,2120,122,1200
1570895360,1700,50,34.05249,-117.81794,2120,124,1200
1570895370,1700,49,34.05615,-117.81279,2120,123,1200
1570895383,1700,48,34.06123,-117.80578,2120,123,1200
1570895390,1600,48,34.06367,-117.80244,2120,123,1200
1570895400,1600,46,34.06773,-117.79715,2120,122,1200
1570895412,1500,46,34.07219,-117.79158,2120,121,1200
1570895423,1500,46,34.07684,-117.78563,2120,121,1200
1570895437,1400,47,34.08188,-117.77904,2120,121,1200
